4.828174999999999763e-04,1.588000000000000078e+00,7.039999999999999591e-01
4.828815341999999908e-04,1.588000000000000078e+00,7.199999999999999734e-01
4.829455683999999511e-04,1.588000000000000078e+00,7.279999999999999805e-01
4.830096025999999656e-04,1.588000000000000078e+00,7.199999999999999734e-01
4.830736367999999802e-04,1.588000000000000078e+00,7.119999999999999662e-01
4.831376709999999947e-04,1.588000000000000078e+00,7.279999999999999805e-01
4.832017051999999550e-04,1.588000000000000078e+00,7.199999999999999734e-01
4.832657393999999695e-04,1.588000000000000078e+00,7.359999999999999876e-01
4.833297735999999840e-04,1.588000000000000078e+00,7.039999999999999591e-01
4.833938077999999985e-04,1.588000000000000078e+00,6.960000000000000631e-01
4.834578419999999589e-04,1.588000000000000078e+00,7.199999999999999734e-01
4.835218761999999734e-04,1.588000000000000078e+00,7.279999999999999805e-01
4.835859103999999879e-04,1.588000000000000078e+00,7.199999999999999734e-01
4.836499446000000024e-04,1.588000000000000078e+00,7.039999999999999591e-01
4.837139787999999627e-04,1.588000000000000078e+00,7.199999999999999734e-01
4.837780129999999772e-04,1.588000000000000078e+00,7.199999999999999734e-01
4.838420471999999918e-04,1.588000000000000078e+00,7.199999999999999734e-01
4.839060813999999521e-04,1.588000000000000078e+00,7.119999999999999662e-01
4.839701155999999666e-04,1.588000000000000078e+00,7.199999999999999734e-01
4.840341497999999811e-04,1.588000000000000078e+00,7.199999999999999734e-01
4.840981839999999956e-04,1.588000000000000078e+00,7.279999999999999805e-01
4.841622181999999559e-04,1.588000000000000078e+00,7.119999999999999662e-01
4.842262523999999705e-04,1.588000000000000078e+00,7.039999999999999591e-01
4.842902865999999850e-04,1.588000000000000078e+00,7.119999999999999662e-01
4.843543207999999995e-04,1.588000000000000078e+00,7.039999999999999591e-01
4.844183549999999598e-04,1.588000000000000078e+00,7.119999999999999662e-01
4.844823891999999743e-04,1.588000000000000078e+00,7.199999999999999734e-01
4.845464233999999888e-04,1.588000000000000078e+00,7.199999999999999734e-01
4.846104576000000034e-04,1.588000000000000078e+00,7.199999999999999734e-01
4.846744917999999637e-04,1.588000000000000078e+00,7.279999999999999805e-01
4.847385259999999782e-04,1.588000000000000078e+00,7.199999999999999734e-01
4.848025601999999927e-04,1.588000000000000078e+00,7.199999999999999734e-01
4.848665943999999530e-04,1.588000000000000078e+00,7.039999999999999591e-01
4.849306285999999675e-04,1.588000000000000078e+00,7.119999999999999662e-01
4.849946627999999820e-04,1.588000000000000078e+00,7.359999999999999876e-01
4.850586969999999966e-04,1.588000000000000078e+00,7.119999999999999662e-01
4.851227311999999569e-04,1.588000000000000078e+00,7.039999999999999591e-01
4.851867653999999714e-04,1.588000000000000078e+00,7.039999999999999591e-01
4.852507995999999859e-04,1.588000000000000078e+00,7.279999999999999805e-01
4.853148338000000004e-04,1.588000000000000078e+00,7.359999999999999876e-01
4.853788679999999607e-04,1.588000000000000078e+00,7.199999999999999734e-01
4.854429021999999753e-04,1.588000000000000078e+00,7.119999999999999662e-01
4.855069363999999898e-04,1.588000000000000078e+00,7.279999999999999805e-01
4.855709705999999501e-04,1.588000000000000078e+00,7.199999999999999734e-01
4.856350047999999646e-04,1.588000000000000078e+00,6.960000000000000631e-01
4.856990389999999791e-04,1.588000000000000078e+00,7.039999999999999591e-01
4.857630731999999936e-04,1.588000000000000078e+00,7.199999999999999734e-01
4.858271073999999540e-04,1.588000000000000078e+00,7.359999999999999876e-01
4.858911415999999685e-04,1.588000000000000078e+00,7.199999999999999734e-01
4.859551757999999830e-04,1.588000000000000078e+00,7.039999999999999591e-01
4.860192099999999975e-04,1.588000000000000078e+00,7.279999999999999805e-01
4.860832441999999578e-04,1.588000000000000078e+00,7.279999999999999805e-01
4.861472783999999723e-04,1.588000000000000078e+00,7.199999999999999734e-01
4.862113125999999869e-04,1.588000000000000078e+00,7.039999999999999591e-01
4.862753468000000014e-04,1.588000000000000078e+00,6.960000000000000631e-01
4.863393809999999617e-04,1.588000000000000078e+00,7.439999999999999947e-01
4.864034151999999762e-04,1.588000000000000078e+00,7.439999999999999947e-01
4.864674493999999907e-04,1.588000000000000078e+00,6.880000000000000560e-01
4.865314835999999510e-04,1.588000000000000078e+00,6.960000000000000631e-01
4.865955177999999656e-04,1.588000000000000078e+00,7.199999999999999734e-01
4.866595519999999801e-04,1.588000000000000078e+00,7.359999999999999876e-01
4.867235861999999946e-04,1.588000000000000078e+00,7.279999999999999805e-01
4.867876203999999549e-04,1.588000000000000078e+00,7.039999999999999591e-01
4.868516545999999694e-04,1.588000000000000078e+00,7.199999999999999734e-01
4.869156887999999839e-04,1.588000000000000078e+00,7.199999999999999734e-01
4.869797229999999985e-04,1.588000000000000078e+00,7.279999999999999805e-01
4.870437571999999588e-04,1.588000000000000078e+00,7.119999999999999662e-01
4.871077913999999733e-04,1.588000000000000078e+00,6.960000000000000631e-01
4.871718255999999878e-04,1.588000000000000078e+00,7.039999999999999591e-01
4.872358598000000023e-04,1.588000000000000078e+00,7.199999999999999734e-01
4.872998939999999626e-04,1.588000000000000078e+00,7.119999999999999662e-01
4.873639281999999772e-04,1.588000000000000078e+00,7.199999999999999734e-01
4.874279623999999917e-04,1.588000000000000078e+00,7.119999999999999662e-01
4.874919965999999520e-04,1.588000000000000078e+00,7.119999999999999662e-01
4.875560307999999665e-04,1.588000000000000078e+00,7.199999999999999734e-01
4.876200649999999810e-04,1.588000000000000078e+00,7.199999999999999734e-01
4.876840991999999955e-04,1.588000000000000078e+00,7.199999999999999734e-01
4.877481333999999558e-04,1.588000000000000078e+00,7.199999999999999734e-01
4.878121675999999704e-04,1.588000000000000078e+00,7.199999999999999734e-01
4.878762017999999849e-04,1.588000000000000078e+00,7.279999999999999805e-01
4.879402359999999994e-04,1.588000000000000078e+00,7.119999999999999662e-01
4.880042701999999597e-04,1.588000000000000078e+00,7.199999999999999734e-01
4.880683043999999742e-04,1.588000000000000078e+00,6.960000000000000631e-01
4.881323385999999888e-04,1.588000000000000078e+00,6.960000000000000631e-01
4.881963727999999491e-04,1.588000000000000078e+00,7.279999999999999805e-01
4.882604069999999636e-04,1.588000000000000078e+00,7.439999999999999947e-01
4.883244411999999781e-04,1.588000000000000078e+00,7.199999999999999734e-01
4.883884753999999384e-04,1.588000000000000078e+00,7.039999999999999591e-01
4.884525096000000071e-04,1.588000000000000078e+00,7.119999999999999662e-01
4.885165437999999674e-04,1.588000000000000078e+00,7.199999999999999734e-01
4.885805779999999278e-04,1.588000000000000078e+00,7.119999999999999662e-01
4.886446121999999965e-04,1.588000000000000078e+00,7.039999999999999591e-01
4.887086463999999568e-04,1.588000000000000078e+00,7.119999999999999662e-01
4.887726806000000255e-04,1.588000000000000078e+00,7.279999999999999805e-01
4.888367147999999858e-04,1.588000000000000078e+00,7.039999999999999591e-01
4.889007489999999461e-04,1.588000000000000078e+00,7.119999999999999662e-01
4.889647832000000149e-04,1.588000000000000078e+00,7.199999999999999734e-01
4.890288173999999752e-04,1.588000000000000078e+00,7.199999999999999734e-01
4.890928515999999355e-04,1.588000000000000078e+00,7.279999999999999805e-01
4.891568858000000042e-04,1.588000000000000078e+00,7.199999999999999734e-01
4.892209199999999645e-04,1.588000000000000078e+00,7.119999999999999662e-01
4.892849541999999248e-04,1.588000000000000078e+00,7.199999999999999734e-01
4.893489883999999936e-04,1.588000000000000078e+00,7.039999999999999591e-01
4.894130225999999539e-04,1.588000000000000078e+00,7.039999999999999591e-01
4.894770568000000226e-04,1.588000000000000078e+00,7.119999999999999662e-01
4.895410909999999829e-04,1.588000000000000078e+00,7.119999999999999662e-01
4.896051251999999432e-04,1.588000000000000078e+00,7.359999999999999876e-01
4.896691594000000120e-04,1.588000000000000078e+00,7.279999999999999805e-01
4.897331935999999723e-04,1.588000000000000078e+00,7.119999999999999662e-01
4.897972277999999326e-04,1.588000000000000078e+00,7.119999999999999662e-01
4.898612620000000013e-04,1.588000000000000078e+00,7.119999999999999662e-01
4.899252961999999616e-04,1.588000000000000078e+00,7.279999999999999805e-01
4.899893304000000303e-04,1.588000000000000078e+00,7.119999999999999662e-01
4.900533645999999906e-04,1.588000000000000078e+00,7.039999999999999591e-01
4.901173987999999510e-04,1.588000000000000078e+00,7.199999999999999734e-01
4.901814330000000197e-04,1.588000000000000078e+00,7.199999999999999734e-01
4.902454671999999800e-04,1.588000000000000078e+00,7.199999999999999734e-01
4.903095013999999403e-04,1.588000000000000078e+00,7.119999999999999662e-01
4.903735356000000090e-04,1.588000000000000078e+00,7.119999999999999662e-01
4.904375697999999693e-04,1.588000000000000078e+00,7.199999999999999734e-01
4.905016039999999296e-04,1.588000000000000078e+00,7.279999999999999805e-01
4.905656381999999984e-04,1.588000000000000078e+00,7.199999999999999734e-01
4.906296723999999587e-04,1.588000000000000078e+00,7.119999999999999662e-01
4.906937066000000274e-04,1.588000000000000078e+00,7.199999999999999734e-01
4.907577407999999877e-04,1.588000000000000078e+00,7.119999999999999662e-01
4.908217749999999480e-04,1.588000000000000078e+00,7.039999999999999591e-01
4.908858092000000168e-04,1.588000000000000078e+00,7.119999999999999662e-01
4.909498433999999771e-04,1.588000000000000078e+00,7.119999999999999662e-01
4.910138775999999374e-04,1.588000000000000078e+00,7.119999999999999662e-01
4.910779118000000061e-04,1.588000000000000078e+00,7.199999999999999734e-01
4.911419459999999664e-04,1.588000000000000078e+00,7.279999999999999805e-01
4.912059801999999267e-04,1.588000000000000078e+00,7.199999999999999734e-01
4.912700143999999955e-04,1.588000000000000078e+00,7.039999999999999591e-01
4.913340485999999558e-04,1.588000000000000078e+00,7.279999999999999805e-01
4.913980828000000245e-04,1.588000000000000078e+00,7.199999999999999734e-01
4.914621169999999848e-04,1.588000000000000078e+00,7.199999999999999734e-01
4.915261511999999451e-04,1.588000000000000078e+00,7.199999999999999734e-01
4.915901854000000138e-04,1.588000000000000078e+00,7.119999999999999662e-01
4.916542195999999742e-04,1.588000000000000078e+00,7.039999999999999591e-01
4.917182537999999345e-04,1.588000000000000078e+00,7.119999999999999662e-01
4.917822880000000032e-04,1.588000000000000078e+00,6.960000000000000631e-01
4.918463221999999635e-04,1.588000000000000078e+00,7.199999999999999734e-01
4.919103563999999238e-04,1.588000000000000078e+00,7.359999999999999876e-01
4.919743905999999925e-04,1.588000000000000078e+00,7.359999999999999876e-01
4.920384247999999528e-04,1.588000000000000078e+00,7.279999999999999805e-01
4.921024590000000216e-04,1.588000000000000078e+00,7.039999999999999591e-01
4.921664931999999819e-04,1.588000000000000078e+00,7.119999999999999662e-01
4.922305273999999422e-04,1.588000000000000078e+00,7.199999999999999734e-01
4.922945616000000109e-04,1.588000000000000078e+00,7.119999999999999662e-01
4.923585957999999712e-04,1.588000000000000078e+00,7.119999999999999662e-01
4.924226299999999315e-04,1.588000000000000078e+00,7.119999999999999662e-01
4.924866642000000003e-04,1.588000000000000078e+00,7.279999999999999805e-01
4.925506983999999606e-04,1.588000000000000078e+00,7.279999999999999805e-01
4.926147326000000293e-04,1.588000000000000078e+00,7.119999999999999662e-01
4.926787667999999896e-04,1.588000000000000078e+00,7.199999999999999734e-01
4.927428009999999499e-04,1.588000000000000078e+00,7.279999999999999805e-01
4.928068352000000187e-04,1.588000000000000078e+00,7.279999999999999805e-01
4.928708693999999790e-04,1.588000000000000078e+00,7.199999999999999734e-01
4.929349035999999393e-04,1.588000000000000078e+00,7.039999999999999591e-01
4.929989378000000080e-04,1.588000000000000078e+00,7.119999999999999662e-01
4.930629719999999683e-04,1.588000000000000078e+00,7.199999999999999734e-01
4.931270061999999286e-04,1.588000000000000078e+00,7.119999999999999662e-01
4.931910403999999973e-04,1.588000000000000078e+00,7.039999999999999591e-01
4.932550745999999577e-04,1.588000000000000078e+00,7.119999999999999662e-01
4.933191088000000264e-04,1.588000000000000078e+00,7.359999999999999876e-01
4.933831429999999867e-04,1.588000000000000078e+00,7.279999999999999805e-01
4.934471771999999470e-04,1.588000000000000078e+00,7.199999999999999734e-01
4.935112114000000157e-04,1.588000000000000078e+00,7.119999999999999662e-01
4.935752455999999760e-04,1.588000000000000078e+00,7.199999999999999734e-01
4.936392797999999364e-04,1.588000000000000078e+00,7.119999999999999662e-01
4.937033140000000051e-04,1.588000000000000078e+00,7.119999999999999662e-01
4.937673481999999654e-04,1.588000000000000078e+00,7.199999999999999734e-01
4.938313823999999257e-04,1.588000000000000078e+00,7.119999999999999662e-01
4.938954165999999944e-04,1.588000000000000078e+00,7.199999999999999734e-01
4.939594507999999547e-04,1.588000000000000078e+00,7.199999999999999734e-01
4.940234850000000235e-04,1.588000000000000078e+00,7.199999999999999734e-01
4.940875191999999838e-04,1.588000000000000078e+00,7.199999999999999734e-01
4.941515533999999441e-04,1.588000000000000078e+00,7.199999999999999734e-01
4.942155876000000128e-04,1.588000000000000078e+00,7.199999999999999734e-01
4.942796217999999731e-04,1.588000000000000078e+00,7.359999999999999876e-01
4.943436559999999334e-04,1.588000000000000078e+00,7.199999999999999734e-01
4.944076902000000022e-04,1.588000000000000078e+00,7.119999999999999662e-01
4.944717243999999625e-04,1.588000000000000078e+00,7.119999999999999662e-01
4.945357586000000312e-04,1.588000000000000078e+00,7.119999999999999662e-01
4.945997927999999915e-04,1.588000000000000078e+00,7.199999999999999734e-01
4.946638269999999518e-04,1.588000000000000078e+00,7.039999999999999591e-01
4.947278612000000205e-04,1.588000000000000078e+00,7.199999999999999734e-01
4.947918953999999809e-04,1.588000000000000078e+00,7.279999999999999805e-01
4.948559295999999412e-04,1.588000000000000078e+00,7.439999999999999947e-01
4.949199638000000099e-04,1.588000000000000078e+00,7.199999999999999734e-01
4.949839979999999702e-04,1.588000000000000078e+00,6.960000000000000631e-01
4.950480321999999305e-04,1.588000000000000078e+00,7.119999999999999662e-01
4.951120663999999992e-04,1.588000000000000078e+00,7.359999999999999876e-01
4.951761005999999595e-04,1.588000000000000078e+00,7.119999999999999662e-01
4.952401348000000283e-04,1.588000000000000078e+00,7.119999999999999662e-01
4.953041689999999886e-04,1.588000000000000078e+00,7.119999999999999662e-01
4.953682031999999489e-04,1.588000000000000078e+00,7.119999999999999662e-01
4.954322374000000176e-04,1.588000000000000078e+00,7.199999999999999734e-01
4.954962715999999779e-04,1.588000000000000078e+00,7.119999999999999662e-01
4.955603057999999382e-04,1.588000000000000078e+00,7.119999999999999662e-01
4.956243400000000070e-04,1.588000000000000078e+00,7.359999999999999876e-01
4.956883741999999673e-04,1.588000000000000078e+00,7.359999999999999876e-01
4.957524083999999276e-04,1.588000000000000078e+00,7.199999999999999734e-01
4.958164425999999963e-04,1.588000000000000078e+00,7.039999999999999591e-01
4.958804767999999566e-04,1.588000000000000078e+00,7.039999999999999591e-01
4.959445110000000254e-04,1.588000000000000078e+00,7.039999999999999591e-01
4.960085451999999857e-04,1.588000000000000078e+00,7.199999999999999734e-01
4.960725793999999460e-04,1.588000000000000078e+00,7.039999999999999591e-01
4.961366136000000147e-04,1.588000000000000078e+00,7.119999999999999662e-01
4.962006477999999750e-04,1.588000000000000078e+00,7.279999999999999805e-01
4.962646819999999353e-04,1.588000000000000078e+00,7.279999999999999805e-01
4.963287162000000041e-04,1.588000000000000078e+00,7.199999999999999734e-01
4.963927503999999644e-04,1.588000000000000078e+00,7.199999999999999734e-01
4.964567845999999247e-04,1.588000000000000078e+00,7.119999999999999662e-01
4.965208187999999934e-04,1.588000000000000078e+00,7.119999999999999662e-01
4.965848529999999537e-04,1.588000000000000078e+00,7.119999999999999662e-01
4.966488872000000224e-04,1.588000000000000078e+00,7.119999999999999662e-01
4.967129213999999827e-04,1.588000000000000078e+00,7.119999999999999662e-01
4.967769555999999431e-04,1.588000000000000078e+00,7.119999999999999662e-01
4.968409898000000118e-04,1.588000000000000078e+00,7.199999999999999734e-01
4.969050239999999721e-04,1.588000000000000078e+00,7.119999999999999662e-01
4.969690581999999324e-04,1.588000000000000078e+00,7.199999999999999734e-01
4.970330924000000011e-04,1.588000000000000078e+00,7.279999999999999805e-01
4.970971265999999614e-04,1.588000000000000078e+00,7.199999999999999734e-01
4.971611607999999217e-04,1.588000000000000078e+00,7.359999999999999876e-01
4.972251949999999905e-04,1.588000000000000078e+00,7.119999999999999662e-01
4.972892291999999508e-04,1.588000000000000078e+00,7.039999999999999591e-01
4.973532634000000195e-04,1.588000000000000078e+00,7.039999999999999591e-01
4.974172975999999798e-04,1.588000000000000078e+00,7.039999999999999591e-01
4.974813317999999401e-04,1.588000000000000078e+00,7.199999999999999734e-01
4.975453660000000089e-04,1.588000000000000078e+00,7.279999999999999805e-01
4.976094001999999692e-04,1.588000000000000078e+00,7.039999999999999591e-01
4.976734343999999295e-04,1.588000000000000078e+00,7.199999999999999734e-01
4.977374685999999982e-04,1.588000000000000078e+00,7.199999999999999734e-01
4.978015027999999585e-04,1.588000000000000078e+00,7.119999999999999662e-01
4.978655370000000272e-04,1.588000000000000078e+00,7.119999999999999662e-01
4.979295711999999876e-04,1.588000000000000078e+00,7.119999999999999662e-01
4.979936053999999479e-04,1.588000000000000078e+00,7.359999999999999876e-01
4.980576396000000166e-04,1.588000000000000078e+00,7.279999999999999805e-01
4.981216737999999769e-04,1.588000000000000078e+00,7.039999999999999591e-01
4.981857079999999372e-04,1.588000000000000078e+00,7.039999999999999591e-01
4.982497422000000059e-04,1.588000000000000078e+00,7.119999999999999662e-01
4.983137763999999663e-04,1.588000000000000078e+00,7.119999999999999662e-01
4.983778105999999266e-04,1.588000000000000078e+00,7.199999999999999734e-01
4.984418447999999953e-04,1.588000000000000078e+00,7.199999999999999734e-01
4.985058789999999556e-04,1.588000000000000078e+00,7.359999999999999876e-01
4.985699132000000243e-04,1.588000000000000078e+00,7.279999999999999805e-01
4.986339473999999846e-04,1.588000000000000078e+00,7.199999999999999734e-01
4.986979815999999449e-04,1.588000000000000078e+00,7.119999999999999662e-01
4.987620158000000137e-04,1.588000000000000078e+00,7.119999999999999662e-01
4.988260499999999740e-04,1.588000000000000078e+00,7.119999999999999662e-01
4.988900841999999343e-04,1.588000000000000078e+00,7.119999999999999662e-01
4.989541184000000030e-04,1.588000000000000078e+00,7.119999999999999662e-01
4.990181525999999633e-04,1.588000000000000078e+00,7.119999999999999662e-01
4.990821868000000321e-04,1.588000000000000078e+00,7.119999999999999662e-01
4.991462209999999924e-04,1.588000000000000078e+00,7.119999999999999662e-01
4.992102551999999527e-04,1.588000000000000078e+00,7.279999999999999805e-01
4.992742894000000214e-04,1.588000000000000078e+00,7.199999999999999734e-01
4.993383235999999817e-04,1.588000000000000078e+00,7.119999999999999662e-01
4.994023577999999420e-04,1.588000000000000078e+00,7.199999999999999734e-01
4.994663920000000108e-04,1.588000000000000078e+00,7.199999999999999734e-01
4.995304261999999711e-04,1.588000000000000078e+00,7.119999999999999662e-01
4.995944603999999314e-04,1.588000000000000078e+00,6.960000000000000631e-01
4.996584946000000001e-04,1.588000000000000078e+00,6.960000000000000631e-01
4.997225287999999604e-04,1.588000000000000078e+00,7.279999999999999805e-01
4.997865630000000291e-04,1.588000000000000078e+00,7.199999999999999734e-01
4.998505971999999895e-04,1.588000000000000078e+00,7.199999999999999734e-01
4.999146313999999498e-04,1.588000000000000078e+00,7.199999999999999734e-01
4.999786656000000185e-04,1.559999999999999998e-01,7.039999999999999591e-01
5.000426997999999788e-04,2.200000000000000011e-01,6.159999999999999920e-01
5.001067339999999391e-04,2.360000000000000153e-01,6.400000000000000133e-01
5.001707682000000078e-04,2.280000000000000082e-01,7.119999999999999662e-01
5.002348023999999681e-04,2.280000000000000082e-01,7.359999999999999876e-01
5.002988365999999285e-04,2.280000000000000082e-01,6.880000000000000560e-01
5.003628707999999972e-04,2.280000000000000082e-01,6.560000000000000275e-01
5.004269049999999575e-04,2.280000000000000082e-01,6.800000000000000488e-01
5.004909392000000262e-04,2.280000000000000082e-01,6.960000000000000631e-01
5.005549733999999865e-04,2.280000000000000082e-01,6.800000000000000488e-01
5.006190075999999468e-04,2.280000000000000082e-01,6.880000000000000560e-01
5.006830418000000156e-04,2.280000000000000082e-01,6.800000000000000488e-01
5.007470759999999759e-04,2.280000000000000082e-01,6.800000000000000488e-01
5.008111101999999362e-04,2.280000000000000082e-01,6.960000000000000631e-01
5.008751444000000049e-04,2.280000000000000082e-01,6.880000000000000560e-01
5.009391785999999652e-04,2.280000000000000082e-01,6.960000000000000631e-01
5.010032127999999255e-04,2.280000000000000082e-01,6.640000000000000346e-01
5.010672469999999943e-04,2.280000000000000082e-01,6.640000000000000346e-01
5.011312811999999546e-04,2.280000000000000082e-01,6.720000000000000417e-01
5.011953154000000233e-04,2.200000000000000011e-01,6.880000000000000560e-01
5.012593495999999836e-04,2.280000000000000082e-01,6.880000000000000560e-01
5.013233837999999439e-04,2.280000000000000082e-01,6.720000000000000417e-01
5.013874180000000126e-04,2.280000000000000082e-01,6.720000000000000417e-01
5.014514521999999730e-04,2.280000000000000082e-01,6.800000000000000488e-01
5.015154863999999333e-04,2.280000000000000082e-01,6.720000000000000417e-01
5.015795206000000020e-04,2.280000000000000082e-01,6.800000000000000488e-01
5.016435547999999623e-04,2.280000000000000082e-01,6.800000000000000488e-01
5.017075889999999226e-04,2.200000000000000011e-01,6.720000000000000417e-01
5.017716231999999913e-04,2.200000000000000011e-01,6.880000000000000560e-01
5.018356573999999517e-04,2.360000000000000153e-01,6.720000000000000417e-01
5.018996916000000204e-04,2.280000000000000082e-01,6.560000000000000275e-01
5.019637257999999807e-04,2.280000000000000082e-01,6.560000000000000275e-01
5.020277599999999410e-04,2.280000000000000082e-01,6.720000000000000417e-01
5.020917942000000097e-04,2.280000000000000082e-01,6.800000000000000488e-01
5.021558283999999700e-04,2.280000000000000082e-01,6.880000000000000560e-01
5.022198625999999303e-04,2.280000000000000082e-01,6.720000000000000417e-01
5.022838967999999991e-04,2.280000000000000082e-01,6.720000000000000417e-01
5.023479309999999594e-04,2.280000000000000082e-01,6.880000000000000560e-01
5.024119652000000281e-04,2.280000000000000082e-01,6.720000000000000417e-01
5.024759993999999884e-04,2.280000000000000082e-01,6.640000000000000346e-01
5.025400335999999487e-04,2.280000000000000082e-01,6.640000000000000346e-01
5.026040678000000175e-04,2.280000000000000082e-01,6.720000000000000417e-01
5.026681019999999778e-04,2.280000000000000082e-01,6.720000000000000417e-01
5.027321361999999381e-04,2.280000000000000082e-01,6.640000000000000346e-01
5.027961704000000068e-04,2.200000000000000011e-01,6.560000000000000275e-01
5.028602045999999671e-04,2.280000000000000082e-01,6.720000000000000417e-01
5.029242387999999274e-04,2.280000000000000082e-01,6.720000000000000417e-01
5.029882729999999962e-04,2.280000000000000082e-01,6.720000000000000417e-01
5.030523071999999565e-04,2.280000000000000082e-01,6.640000000000000346e-01
5.031163414000000252e-04,2.200000000000000011e-01,6.560000000000000275e-01
5.031803755999999855e-04,2.280000000000000082e-01,6.640000000000000346e-01
5.032444097999999458e-04,2.280000000000000082e-01,6.560000000000000275e-01
5.033084440000000145e-04,2.280000000000000082e-01,6.480000000000000204e-01
5.033724781999999748e-04,2.200000000000000011e-01,6.560000000000000275e-01
5.034365123999999352e-04,2.200000000000000011e-01,6.480000000000000204e-01
5.035005466000000039e-04,2.280000000000000082e-01,6.640000000000000346e-01
5.035645807999999642e-04,2.200000000000000011e-01,6.640000000000000346e-01
5.036286149999999245e-04,2.280000000000000082e-01,6.720000000000000417e-01
5.036926491999999932e-04,2.280000000000000082e-01,6.560000000000000275e-01
5.037566833999999535e-04,2.200000000000000011e-01,6.480000000000000204e-01
5.038207176000000223e-04,2.280000000000000082e-01,6.560000000000000275e-01
5.038847517999999826e-04,2.200000000000000011e-01,6.640000000000000346e-01
5.039487859999999429e-04,2.280000000000000082e-01,6.480000000000000204e-01
5.040128202000000116e-04,2.280000000000000082e-01,6.560000000000000275e-01
5.040768543999999719e-04,2.200000000000000011e-01,6.640000000000000346e-01
5.041408885999999322e-04,2.280000000000000082e-01,6.560000000000000275e-01
5.042049228000000010e-04,2.280000000000000082e-01,6.560000000000000275e-01
5.042689569999999613e-04,2.280000000000000082e-01,6.320000000000000062e-01
5.043329912000000300e-04,2.200000000000000011e-01,6.480000000000000204e-01
5.043970253999999903e-04,2.280000000000000082e-01,6.640000000000000346e-01
5.044610595999999506e-04,2.200000000000000011e-01,6.640000000000000346e-01
5.045250938000000194e-04,2.200000000000000011e-01,6.560000000000000275e-01
5.045891279999999797e-04,2.280000000000000082e-01,6.560000000000000275e-01
5.046531621999999400e-04,2.280000000000000082e-01,6.560000000000000275e-01
5.047171964000000087e-04,2.280000000000000082e-01,6.480000000000000204e-01
5.047812305999999690e-04,2.280000000000000082e-01,6.480000000000000204e-01
5.048452647999999293e-04,2.200000000000000011e-01,6.239999999999999991e-01
5.049092989999999980e-04,2.200000000000000011e-01,6.560000000000000275e-01
5.049733331999999584e-04,2.200000000000000011e-01,6.560000000000000275e-01
5.050373674000000271e-04,2.200000000000000011e-01,6.480000000000000204e-01
5.051014015999999874e-04,2.200000000000000011e-01,6.320000000000000062e-01
5.051654357999999477e-04,2.200000000000000011e-01,6.480000000000000204e-01
5.052294700000000164e-04,2.280000000000000082e-01,6.480000000000000204e-01
5.052935041999999767e-04,2.280000000000000082e-01,6.560000000000000275e-01
5.053575383999999370e-04,2.200000000000000011e-01,6.480000000000000204e-01
5.054215726000000058e-04,2.200000000000000011e-01,6.400000000000000133e-01
5.054856067999999661e-04,2.200000000000000011e-01,6.400000000000000133e-01
5.055496409999999264e-04,2.280000000000000082e-01,6.400000000000000133e-01
5.056136751999999951e-04,2.200000000000000011e-01,6.320000000000000062e-01
5.056777093999999554e-04,2.200000000000000011e-01,6.239999999999999991e-01
5.057417436000000242e-04,2.200000000000000011e-01,6.400000000000000133e-01
5.058057777999999845e-04,2.200000000000000011e-01,6.480000000000000204e-01
5.058698119999999448e-04,2.200000000000000011e-01,6.560000000000000275e-01
5.059338462000000135e-04,2.200000000000000011e-01,6.560000000000000275e-01
5.059978803999999738e-04,2.200000000000000011e-01,6.320000000000000062e-01
5.060619145999999341e-04,2.200000000000000011e-01,6.400000000000000133e-01
5.061259488000000029e-04,2.200000000000000011e-01,6.400000000000000133e-01
5.061899829999999632e-04,2.200000000000000011e-01,6.400000000000000133e-01
5.062540171999999235e-04,2.200000000000000011e-01,6.320000000000000062e-01
5.063180513999999922e-04,2.200000000000000011e-01,6.320000000000000062e-01
5.063820855999999525e-04,2.200000000000000011e-01,6.239999999999999991e-01
5.064461198000000212e-04,2.200000000000000011e-01,6.400000000000000133e-01
5.065101539999999816e-04,2.280000000000000082e-01,6.400000000000000133e-01
5.065741881999999419e-04,2.200000000000000011e-01,6.320000000000000062e-01
5.066382224000000106e-04,2.200000000000000011e-01,6.400000000000000133e-01
5.067022565999999709e-04,2.200000000000000011e-01,6.320000000000000062e-01
5.067662907999999312e-04,2.200000000000000011e-01,6.400000000000000133e-01
5.068303249999999999e-04,2.200000000000000011e-01,6.320000000000000062e-01
5.068943591999999602e-04,2.119999999999999940e-01,6.239999999999999991e-01
5.069583933999999206e-04,2.200000000000000011e-01,6.239999999999999991e-01
5.070224275999999893e-04,2.200000000000000011e-01,6.239999999999999991e-01
5.070864617999999496e-04,2.200000000000000011e-01,6.239999999999999991e-01
5.071504960000000183e-04,2.200000000000000011e-01,6.239999999999999991e-01
5.072145301999999786e-04,2.200000000000000011e-01,6.159999999999999920e-01
5.072785643999999389e-04,2.119999999999999940e-01,6.239999999999999991e-01
5.073425986000000077e-04,2.200000000000000011e-01,6.239999999999999991e-01
5.074066327999999680e-04,2.119999999999999940e-01,6.239999999999999991e-01
5.074706669999999283e-04,2.119999999999999940e-01,6.320000000000000062e-01
5.075347011999999970e-04,2.119999999999999940e-01,6.159999999999999920e-01
5.075987353999999573e-04,2.200000000000000011e-01,6.239999999999999991e-01
5.076627696000000261e-04,2.119999999999999940e-01,6.159999999999999920e-01
5.077268037999999864e-04,2.119999999999999940e-01,6.239999999999999991e-01
5.077908379999999467e-04,2.119999999999999940e-01,6.239999999999999991e-01
5.078548722000000154e-04,2.119999999999999940e-01,6.159999999999999920e-01
5.079189063999999757e-04,2.119999999999999940e-01,6.079999999999999849e-01
5.079829405999999360e-04,2.119999999999999940e-01,6.079999999999999849e-01
5.080469748000000048e-04,2.119999999999999940e-01,6.079999999999999849e-01
5.081110089999999651e-04,2.119999999999999940e-01,6.239999999999999991e-01
5.081750431999999254e-04,2.119999999999999940e-01,6.400000000000000133e-01
5.082390773999999941e-04,2.119999999999999940e-01,6.239999999999999991e-01
5.083031115999999544e-04,2.119999999999999940e-01,6.159999999999999920e-01
5.083671458000000231e-04,2.040000000000000147e-01,6.079999999999999849e-01
5.084311799999999834e-04,2.119999999999999940e-01,5.999999999999999778e-01
5.084952141999999438e-04,2.119999999999999940e-01,6.079999999999999849e-01
5.085592484000000125e-04,2.119999999999999940e-01,5.999999999999999778e-01
5.086232825999999728e-04,2.119999999999999940e-01,6.079999999999999849e-01
5.086873167999999331e-04,2.040000000000000147e-01,6.079999999999999849e-01
5.087513510000000018e-04,2.119999999999999940e-01,6.079999999999999849e-01
5.088153851999999621e-04,2.119999999999999940e-01,6.079999999999999849e-01
5.088794194000000309e-04,2.119999999999999940e-01,6.079999999999999849e-01
5.089434535999999912e-04,2.119999999999999940e-01,5.919999999999999707e-01
5.090074877999999515e-04,2.040000000000000147e-01,6.079999999999999849e-01
5.090715220000000202e-04,2.040000000000000147e-01,6.320000000000000062e-01
5.091355561999999805e-04,2.119999999999999940e-01,6.159999999999999920e-01
5.091995903999999408e-04,2.040000000000000147e-01,5.839999999999999636e-01
5.092636246000000096e-04,2.040000000000000147e-01,5.760000000000000675e-01
5.093276587999999699e-04,2.119999999999999940e-01,5.999999999999999778e-01
5.093916929999999302e-04,2.040000000000000147e-01,6.079999999999999849e-01
5.094557271999999989e-04,2.040000000000000147e-01,5.919999999999999707e-01
5.095197613999999592e-04,2.040000000000000147e-01,5.999999999999999778e-01
5.095837956000000279e-04,2.040000000000000147e-01,6.079999999999999849e-01
5.096478297999999883e-04,2.040000000000000147e-01,6.079999999999999849e-01
5.097118639999999486e-04,2.040000000000000147e-01,6.079999999999999849e-01
5.097758982000000173e-04,2.119999999999999940e-01,5.919999999999999707e-01
5.098399323999999776e-04,2.040000000000000147e-01,5.760000000000000675e-01
5.099039665999999379e-04,2.040000000000000147e-01,5.919999999999999707e-01
5.099680008000000066e-04,2.040000000000000147e-01,5.919999999999999707e-01
5.100320349999999670e-04,2.040000000000000147e-01,5.919999999999999707e-01
5.100960691999999273e-04,2.040000000000000147e-01,5.760000000000000675e-01
5.101601033999999960e-04,2.040000000000000147e-01,5.919999999999999707e-01
5.102241375999999563e-04,2.119999999999999940e-01,6.079999999999999849e-01
5.102881718000000250e-04,2.040000000000000147e-01,5.839999999999999636e-01
5.103522059999999853e-04,2.040000000000000147e-01,5.839999999999999636e-01
5.104162401999999456e-04,2.040000000000000147e-01,5.839999999999999636e-01
5.104802744000000144e-04,2.040000000000000147e-01,5.919999999999999707e-01
5.105443085999999747e-04,2.040000000000000147e-01,5.999999999999999778e-01
5.106083427999999350e-04,2.040000000000000147e-01,5.760000000000000675e-01
5.106723770000000037e-04,2.040000000000000147e-01,5.600000000000000533e-01
5.107364111999999640e-04,2.040000000000000147e-01,5.839999999999999636e-01
5.108004453999999243e-04,1.960000000000000075e-01,5.760000000000000675e-01
5.108644795999999931e-04,1.960000000000000075e-01,5.680000000000000604e-01
5.109285137999999534e-04,1.960000000000000075e-01,5.760000000000000675e-01
5.109925480000000221e-04,1.960000000000000075e-01,5.839999999999999636e-01
5.110565821999999824e-04,1.960000000000000075e-01,5.839999999999999636e-01
5.111206163999999427e-04,2.040000000000000147e-01,5.760000000000000675e-01
5.111846506000000115e-04,1.960000000000000075e-01,5.600000000000000533e-01
5.112486847999999718e-04,1.960000000000000075e-01,5.600000000000000533e-01
5.113127189999999321e-04,1.960000000000000075e-01,5.760000000000000675e-01
5.113767532000000008e-04,1.960000000000000075e-01,5.680000000000000604e-01
5.114407873999999611e-04,1.960000000000000075e-01,5.680000000000000604e-01
5.115048215999999214e-04,2.040000000000000147e-01,5.600000000000000533e-01
5.115688557999999901e-04,1.880000000000000004e-01,5.600000000000000533e-01
5.116328899999999505e-04,1.960000000000000075e-01,5.600000000000000533e-01
5.116969242000000192e-04,1.960000000000000075e-01,5.680000000000000604e-01
5.117609583999999795e-04,1.960000000000000075e-01,5.600000000000000533e-01
5.118249925999999398e-04,1.880000000000000004e-01,5.520000000000000462e-01
5.118890268000000085e-04,1.880000000000000004e-01,5.600000000000000533e-01
5.119530609999999688e-04,1.880000000000000004e-01,5.760000000000000675e-01
5.120170951999999292e-04,1.960000000000000075e-01,5.600000000000000533e-01
5.120811293999999979e-04,1.960000000000000075e-01,5.360000000000000320e-01
5.121451635999999582e-04,1.880000000000000004e-01,5.360000000000000320e-01
5.122091978000000269e-04,1.880000000000000004e-01,5.440000000000000391e-01
5.122732319999999872e-04,1.960000000000000075e-01,5.520000000000000462e-01
5.123372661999999475e-04,1.880000000000000004e-01,5.440000000000000391e-01
5.124013004000000163e-04,1.799999999999999933e-01,5.440000000000000391e-01
5.124653345999999766e-04,1.880000000000000004e-01,5.520000000000000462e-01
5.125293687999999369e-04,1.880000000000000004e-01,5.440000000000000391e-01
5.125934030000000056e-04,1.960000000000000075e-01,5.520000000000000462e-01
5.126574371999999659e-04,1.880000000000000004e-01,5.520000000000000462e-01
5.127214713999999262e-04,1.880000000000000004e-01,5.280000000000000249e-01
5.127855055999999950e-04,1.799999999999999933e-01,5.440000000000000391e-01
5.128495397999999553e-04,1.880000000000000004e-01,5.280000000000000249e-01
5.129135740000000240e-04,1.799999999999999933e-01,5.280000000000000249e-01
5.129776081999999843e-04,1.799999999999999933e-01,5.200000000000000178e-01
5.130416423999999446e-04,1.880000000000000004e-01,5.040000000000000036e-01
5.131056766000000133e-04,1.799999999999999933e-01,5.280000000000000249e-01
5.131697107999999737e-04,1.799999999999999933e-01,5.360000000000000320e-01
5.132337449999999340e-04,1.799999999999999933e-01,5.120000000000000107e-01
5.132977792000000027e-04,1.799999999999999933e-01,5.200000000000000178e-01
5.133618133999999630e-04,1.799999999999999933e-01,5.200000000000000178e-01
5.134258476000000317e-04,1.799999999999999933e-01,5.280000000000000249e-01
5.134898817999999920e-04,1.799999999999999933e-01,5.040000000000000036e-01
5.135539159999999523e-04,1.799999999999999933e-01,4.879999999999999893e-01
5.136179502000000211e-04,1.720000000000000140e-01,4.959999999999999964e-01
5.136819843999999814e-04,1.799999999999999933e-01,5.040000000000000036e-01
5.137460185999999417e-04,1.799999999999999933e-01,5.040000000000000036e-01
5.138100528000000104e-04,1.720000000000000140e-01,4.959999999999999964e-01
5.138740869999999707e-04,1.720000000000000140e-01,4.879999999999999893e-01
5.139381211999999310e-04,1.720000000000000140e-01,5.120000000000000107e-01
5.140021553999999998e-04,1.720000000000000140e-01,4.879999999999999893e-01
5.140661895999999601e-04,1.720000000000000140e-01,4.720000000000000306e-01
5.141302238000000288e-04,1.640000000000000069e-01,4.799999999999999822e-01
5.141942579999999891e-04,1.640000000000000069e-01,4.799999999999999822e-01
5.142582921999999494e-04,1.640000000000000069e-01,4.720000000000000306e-01
5.143223264000000182e-04,1.640000000000000069e-01,4.720000000000000306e-01
5.143863605999999785e-04,1.640000000000000069e-01,4.640000000000000235e-01
5.144503947999999388e-04,1.640000000000000069e-01,4.400000000000000022e-01
5.145144290000000075e-04,1.559999999999999998e-01,4.480000000000000093e-01
5.145784631999999678e-04,1.640000000000000069e-01,4.480000000000000093e-01
5.146424973999999281e-04,1.559999999999999998e-01,4.560000000000000164e-01
5.147065315999999969e-04,1.559999999999999998e-01,4.560000000000000164e-01
5.147705657999999572e-04,1.479999999999999927e-01,4.319999999999999951e-01
5.148346000000000259e-04,1.479999999999999927e-01,4.239999999999999880e-01
5.148986341999999862e-04,1.479999999999999927e-01,4.160000000000000364e-01
5.149626683999999465e-04,1.400000000000000133e-01,4.080000000000000293e-01
5.150267026000000152e-04,1.400000000000000133e-01,3.920000000000000151e-01
5.150907367999999755e-04,1.320000000000000062e-01,3.920000000000000151e-01
5.151547709999999359e-04,1.400000000000000133e-01,3.760000000000000009e-01
5.152188052000000046e-04,1.320000000000000062e-01,3.679999999999999938e-01
5.152828393999999649e-04,1.239999999999999991e-01,3.360000000000000209e-01
5.153468735999999252e-04,1.079999999999999988e-01,3.280000000000000138e-01
5.154109077999999939e-04,1.079999999999999988e-01,3.119999999999999996e-01
5.154749419999999542e-04,1.000000000000000056e-01,2.959999999999999853e-01
5.155389762000000230e-04,9.199999999999999845e-02,2.800000000000000266e-01
5.156030103999999833e-04,9.199999999999999845e-02,2.560000000000000053e-01
5.156670445999999436e-04,8.400000000000000522e-02,2.399999999999999911e-01
5.157310788000000123e-04,8.400000000000000522e-02,2.240000000000000047e-01
5.157951129999999726e-04,8.400000000000000522e-02,2.080000000000000182e-01
5.158591471999999329e-04,7.599999999999999811e-02,1.920000000000000040e-01
5.159231814000000017e-04,6.800000000000000488e-02,1.759999999999999898e-01
5.159872155999999620e-04,7.599999999999999811e-02,1.839999999999999969e-01
5.160512497999999223e-04,5.999999999999999778e-02,1.920000000000000040e-01
5.161152839999999910e-04,6.800000000000000488e-02,1.759999999999999898e-01
5.161793181999999513e-04,6.800000000000000488e-02,1.600000000000000033e-01
5.162433524000000200e-04,5.999999999999999778e-02,1.600000000000000033e-01
5.163073865999999804e-04,5.999999999999999778e-02,1.519999999999999962e-01
5.163714207999999407e-04,4.399999999999999745e-02,1.519999999999999962e-01
5.164354550000000094e-04,5.200000000000000455e-02,1.280000000000000027e-01
5.164994891999999697e-04,5.200000000000000455e-02,1.360000000000000098e-01
5.165635233999999300e-04,5.200000000000000455e-02,1.360000000000000098e-01
5.166275575999999987e-04,5.200000000000000455e-02,1.199999999999999956e-01
5.166915917999999591e-04,5.200000000000000455e-02,1.120000000000000023e-01
5.167556259999999194e-04,4.399999999999999745e-02,1.199999999999999956e-01
5.168196601999999881e-04,4.399999999999999745e-02,1.120000000000000023e-01
5.168836943999999484e-04,4.399999999999999745e-02,1.120000000000000023e-01
5.169477286000000171e-04,4.399999999999999745e-02,1.280000000000000027e-01
5.170117627999999774e-04,4.399999999999999745e-02,1.040000000000000091e-01
5.170757969999999377e-04,4.399999999999999745e-02,1.040000000000000091e-01
5.171398312000000065e-04,4.399999999999999745e-02,9.600000000000000200e-02
5.172038653999999668e-04,3.600000000000000422e-02,8.799999999999999489e-02
5.172678995999999271e-04,3.600000000000000422e-02,8.799999999999999489e-02
5.173319337999999958e-04,3.600000000000000422e-02,8.000000000000000167e-02
5.173959679999999561e-04,3.600000000000000422e-02,8.000000000000000167e-02
5.174600022000000249e-04,4.399999999999999745e-02,8.000000000000000167e-02
5.175240363999999852e-04,3.600000000000000422e-02,8.799999999999999489e-02
5.175880705999999455e-04,3.600000000000000422e-02,8.000000000000000167e-02
5.176521048000000142e-04,2.800000000000000058e-02,8.000000000000000167e-02
5.177161389999999745e-04,3.600000000000000422e-02,6.400000000000000133e-02
5.177801731999999348e-04,3.600000000000000422e-02,8.000000000000000167e-02
5.178442074000000036e-04,2.800000000000000058e-02,7.200000000000000844e-02
5.179082415999999639e-04,2.800000000000000058e-02,6.400000000000000133e-02
5.179722758000000326e-04,2.800000000000000058e-02,6.400000000000000133e-02
5.180363099999999929e-04,2.800000000000000058e-02,6.400000000000000133e-02
5.181003441999999532e-04,2.800000000000000058e-02,6.400000000000000133e-02
5.181643784000000219e-04,2.800000000000000058e-02,5.600000000000000117e-02
5.182284125999999823e-04,2.800000000000000058e-02,5.600000000000000117e-02
5.182924467999999426e-04,2.800000000000000058e-02,5.600000000000000117e-02
5.183564810000000113e-04,2.800000000000000058e-02,6.400000000000000133e-02
5.184205151999999716e-04,2.000000000000000042e-02,6.400000000000000133e-02
5.184845493999999319e-04,2.800000000000000058e-02,5.600000000000000117e-02
5.185485836000000006e-04,2.800000000000000058e-02,4.800000000000000100e-02
5.186126177999999609e-04,2.800000000000000058e-02,4.800000000000000100e-02
5.186766520000000297e-04,2.800000000000000058e-02,5.600000000000000117e-02
5.187406861999999900e-04,2.800000000000000058e-02,4.800000000000000100e-02
5.188047203999999503e-04,2.800000000000000058e-02,4.800000000000000100e-02
5.188687546000000190e-04,2.000000000000000042e-02,4.000000000000000083e-02
5.189327887999999793e-04,2.800000000000000058e-02,4.800000000000000100e-02
5.189968229999999396e-04,2.000000000000000042e-02,4.800000000000000100e-02
5.190608572000000084e-04,2.000000000000000042e-02,3.200000000000000067e-02
5.191248913999999687e-04,2.000000000000000042e-02,4.800000000000000100e-02
5.191889255999999290e-04,2.800000000000000058e-02,4.800000000000000100e-02
5.192529597999999977e-04,2.000000000000000042e-02,4.800000000000000100e-02
5.193169939999999580e-04,2.000000000000000042e-02,5.600000000000000117e-02
5.193810282000000268e-04,2.000000000000000042e-02,4.000000000000000083e-02
5.194450623999999871e-04,2.000000000000000042e-02,2.400000000000000050e-02
5.195090965999999474e-04,2.000000000000000042e-02,4.000000000000000083e-02
5.195731308000000161e-04,2.800000000000000058e-02,2.400000000000000050e-02
5.196371649999999764e-04,1.200000000000000025e-02,3.200000000000000067e-02
5.197011991999999367e-04,2.000000000000000042e-02,3.200000000000000067e-02
5.197652334000000054e-04,2.000000000000000042e-02,4.000000000000000083e-02
5.198292675999999658e-04,2.000000000000000042e-02,4.000000000000000083e-02
5.198933017999999261e-04,2.000000000000000042e-02,4.000000000000000083e-02
5.199573359999999948e-04,2.000000000000000042e-02,3.200000000000000067e-02
5.200213701999999551e-04,2.000000000000000042e-02,2.400000000000000050e-02
5.200854044000000238e-04,2.000000000000000042e-02,4.000000000000000083e-02
5.201494385999999841e-04,1.200000000000000025e-02,3.200000000000000067e-02
5.202134727999999445e-04,2.000000000000000042e-02,2.400000000000000050e-02
5.202775070000000132e-04,2.000000000000000042e-02,2.400000000000000050e-02
5.203415411999999735e-04,2.000000000000000042e-02,3.200000000000000067e-02
5.204055753999999338e-04,2.800000000000000058e-02,2.400000000000000050e-02
5.204696096000000025e-04,2.000000000000000042e-02,2.400000000000000050e-02
5.205336437999999628e-04,2.000000000000000042e-02,3.200000000000000067e-02
5.205976779999999231e-04,1.200000000000000025e-02,3.200000000000000067e-02
5.206617121999999919e-04,2.000000000000000042e-02,3.200000000000000067e-02
5.207257463999999522e-04,2.000000000000000042e-02,3.200000000000000067e-02
5.207897806000000209e-04,2.000000000000000042e-02,3.200000000000000067e-02
5.208538147999999812e-04,2.000000000000000042e-02,2.400000000000000050e-02
5.209178489999999415e-04,2.000000000000000042e-02,2.400000000000000050e-02
5.209818832000000103e-04,2.000000000000000042e-02,1.600000000000000033e-02
5.210459173999999706e-04,2.000000000000000042e-02,3.200000000000000067e-02
5.211099515999999309e-04,2.000000000000000042e-02,2.400000000000000050e-02
5.211739857999999996e-04,2.000000000000000042e-02,2.400000000000000050e-02
5.212380199999999599e-04,2.000000000000000042e-02,3.200000000000000067e-02
5.213020541999999202e-04,1.200000000000000025e-02,2.400000000000000050e-02
5.213660883999999890e-04,2.000000000000000042e-02,3.200000000000000067e-02
5.214301225999999493e-04,1.200000000000000025e-02,1.600000000000000033e-02
5.214941568000000180e-04,1.200000000000000025e-02,1.600000000000000033e-02
5.215581909999999783e-04,1.200000000000000025e-02,3.200000000000000067e-02
5.216222251999999386e-04,1.200000000000000025e-02,2.400000000000000050e-02
5.216862594000000073e-04,1.200000000000000025e-02,2.400000000000000050e-02
5.217502935999999676e-04,1.200000000000000025e-02,2.400000000000000050e-02
5.218143277999999280e-04,1.200000000000000025e-02,1.600000000000000033e-02
5.218783619999999967e-04,1.200000000000000025e-02,2.400000000000000050e-02
5.219423961999999570e-04,1.200000000000000025e-02,1.600000000000000033e-02
5.220064304000000257e-04,2.000000000000000042e-02,1.600000000000000033e-02
5.220704645999999860e-04,1.200000000000000025e-02,3.200000000000000067e-02
5.221344987999999463e-04,2.000000000000000042e-02,3.200000000000000067e-02
5.221985330000000151e-04,1.200000000000000025e-02,3.200000000000000067e-02
5.222625671999999754e-04,2.000000000000000042e-02,1.600000000000000033e-02
5.223266013999999357e-04,2.000000000000000042e-02,1.600000000000000033e-02
5.223906356000000044e-04,1.200000000000000025e-02,1.600000000000000033e-02
5.224546697999999647e-04,4.000000000000000083e-03,1.600000000000000033e-02
5.225187040000000335e-04,1.200000000000000025e-02,2.400000000000000050e-02
5.225827381999999938e-04,1.200000000000000025e-02,1.600000000000000033e-02
5.226467723999999541e-04,1.200000000000000025e-02,1.600000000000000033e-02
5.227108066000000228e-04,1.200000000000000025e-02,2.400000000000000050e-02
5.227748407999999831e-04,1.200000000000000025e-02,1.600000000000000033e-02
5.228388749999999434e-04,1.200000000000000025e-02,1.600000000000000033e-02
5.229029092000000122e-04,1.200000000000000025e-02,3.200000000000000067e-02
5.229669433999999725e-04,2.000000000000000042e-02,3.200000000000000067e-02
5.230309775999999328e-04,1.200000000000000025e-02,2.400000000000000050e-02
5.230950118000000015e-04,1.200000000000000025e-02,1.600000000000000033e-02
5.231590459999999618e-04,1.200000000000000025e-02,8.000000000000000167e-03
5.232230802000000305e-04,1.200000000000000025e-02,1.600000000000000033e-02
5.232871143999999908e-04,1.200000000000000025e-02,1.600000000000000033e-02
5.233511485999999512e-04,1.200000000000000025e-02,1.600000000000000033e-02
5.234151828000000199e-04,1.200000000000000025e-02,1.600000000000000033e-02
5.234792169999999802e-04,1.200000000000000025e-02,3.200000000000000067e-02
5.235432511999999405e-04,1.200000000000000025e-02,2.400000000000000050e-02
5.236072854000000092e-04,2.000000000000000042e-02,1.600000000000000033e-02
5.236713195999999695e-04,1.200000000000000025e-02,2.400000000000000050e-02
5.237353537999999298e-04,1.200000000000000025e-02,1.600000000000000033e-02
5.237993879999999986e-04,1.200000000000000025e-02,1.600000000000000033e-02
5.238634221999999589e-04,1.200000000000000025e-02,1.600000000000000033e-02
5.239274564000000276e-04,1.200000000000000025e-02,1.600000000000000033e-02
5.239914905999999879e-04,1.200000000000000025e-02,2.400000000000000050e-02
5.240555247999999482e-04,1.200000000000000025e-02,8.000000000000000167e-03
5.241195590000000170e-04,2.000000000000000042e-02,8.000000000000000167e-03
5.241835931999999773e-04,1.200000000000000025e-02,2.400000000000000050e-02
5.242476273999999376e-04,2.000000000000000042e-02,2.400000000000000050e-02
5.243116616000000063e-04,1.200000000000000025e-02,1.600000000000000033e-02
5.243756957999999666e-04,4.000000000000000083e-03,8.000000000000000167e-03
5.244397299999999269e-04,2.000000000000000042e-02,3.200000000000000067e-02
5.245037641999999957e-04,1.200000000000000025e-02,3.200000000000000067e-02
5.245677983999999560e-04,2.000000000000000042e-02,8.000000000000000167e-03
5.246318326000000247e-04,1.200000000000000025e-02,8.000000000000000167e-03
5.246958667999999850e-04,1.200000000000000025e-02,8.000000000000000167e-03
5.247599009999999453e-04,2.000000000000000042e-02,1.600000000000000033e-02
5.248239352000000140e-04,4.000000000000000083e-03,1.600000000000000033e-02
5.248879693999999744e-04,4.000000000000000083e-03,1.600000000000000033e-02
5.249520035999999347e-04,1.200000000000000025e-02,2.400000000000000050e-02
5.250160378000000034e-04,1.200000000000000025e-02,2.400000000000000050e-02
5.250800719999999637e-04,2.000000000000000042e-02,2.400000000000000050e-02
5.251441061999999240e-04,1.200000000000000025e-02,1.600000000000000033e-02
5.252081403999999927e-04,1.200000000000000025e-02,8.000000000000000167e-03
5.252721745999999530e-04,1.200000000000000025e-02,1.600000000000000033e-02
5.253362088000000218e-04,1.200000000000000025e-02,2.400000000000000050e-02
5.254002429999999821e-04,1.200000000000000025e-02,8.000000000000000167e-03
5.254642771999999424e-04,1.200000000000000025e-02,8.000000000000000167e-03
5.255283114000000111e-04,1.200000000000000025e-02,1.600000000000000033e-02
5.255923455999999714e-04,1.200000000000000025e-02,8.000000000000000167e-03
5.256563797999999317e-04,1.200000000000000025e-02,1.600000000000000033e-02
5.257204140000000005e-04,1.200000000000000025e-02,1.600000000000000033e-02
5.257844481999999608e-04,1.200000000000000025e-02,2.400000000000000050e-02
5.258484823999999211e-04,1.200000000000000025e-02,3.200000000000000067e-02
5.259125165999999898e-04,1.200000000000000025e-02,2.400000000000000050e-02
5.259765507999999501e-04,1.200000000000000025e-02,1.600000000000000033e-02
5.260405850000000189e-04,1.200000000000000025e-02,8.000000000000000167e-03
5.261046191999999792e-04,1.200000000000000025e-02,8.000000000000000167e-03
5.261686533999999395e-04,1.200000000000000025e-02,1.600000000000000033e-02
5.262326876000000082e-04,1.200000000000000025e-02,8.000000000000000167e-03
5.262967217999999685e-04,4.000000000000000083e-03,1.600000000000000033e-02
5.263607559999999288e-04,4.000000000000000083e-03,8.000000000000000167e-03
5.264247901999999976e-04,1.200000000000000025e-02,1.600000000000000033e-02
5.264888243999999579e-04,1.200000000000000025e-02,1.600000000000000033e-02
5.265528586000000266e-04,1.200000000000000025e-02,1.600000000000000033e-02
5.266168927999999869e-04,1.200000000000000025e-02,1.600000000000000033e-02
5.266809269999999472e-04,1.200000000000000025e-02,1.600000000000000033e-02
5.267449612000000159e-04,1.200000000000000025e-02,1.600000000000000033e-02
5.268089953999999762e-04,1.200000000000000025e-02,2.400000000000000050e-02
5.268730295999999366e-04,1.200000000000000025e-02,2.400000000000000050e-02
5.269370638000000053e-04,1.200000000000000025e-02,-8.000000000000000167e-03
5.270010979999999656e-04,4.000000000000000083e-03,0.000000000000000000e+00
5.270651321999999259e-04,1.200000000000000025e-02,1.600000000000000033e-02
5.271291663999999946e-04,1.200000000000000025e-02,2.400000000000000050e-02
5.271932005999999549e-04,4.000000000000000083e-03,1.600000000000000033e-02
5.272572348000000237e-04,4.000000000000000083e-03,1.600000000000000033e-02
5.273212689999999840e-04,1.200000000000000025e-02,1.600000000000000033e-02
5.273853031999999443e-04,1.200000000000000025e-02,3.200000000000000067e-02
5.274493374000000130e-04,4.000000000000000083e-03,1.600000000000000033e-02
5.275133715999999733e-04,1.200000000000000025e-02,0.000000000000000000e+00
5.275774057999999336e-04,4.000000000000000083e-03,1.600000000000000033e-02
5.276414400000000024e-04,2.000000000000000042e-02,8.000000000000000167e-03
5.277054741999999627e-04,1.200000000000000025e-02,1.600000000000000033e-02
5.277695084000000314e-04,4.000000000000000083e-03,8.000000000000000167e-03
5.278335425999999917e-04,1.200000000000000025e-02,8.000000000000000167e-03
5.278975767999999520e-04,1.200000000000000025e-02,2.400000000000000050e-02
5.279616110000000207e-04,1.200000000000000025e-02,1.600000000000000033e-02
5.280256451999999811e-04,1.200000000000000025e-02,8.000000000000000167e-03
5.280896793999999414e-04,1.200000000000000025e-02,1.600000000000000033e-02
5.281537136000000101e-04,1.200000000000000025e-02,1.600000000000000033e-02
5.282177477999999704e-04,1.200000000000000025e-02,8.000000000000000167e-03
5.282817819999999307e-04,1.200000000000000025e-02,8.000000000000000167e-03
5.283458161999999994e-04,1.200000000000000025e-02,8.000000000000000167e-03
5.284098503999999598e-04,1.200000000000000025e-02,8.000000000000000167e-03
5.284738846000000285e-04,1.200000000000000025e-02,8.000000000000000167e-03
5.285379187999999888e-04,1.200000000000000025e-02,1.600000000000000033e-02
5.286019529999999491e-04,1.200000000000000025e-02,1.600000000000000033e-02
5.286659872000000178e-04,1.200000000000000025e-02,1.600000000000000033e-02
5.287300213999999781e-04,1.200000000000000025e-02,2.400000000000000050e-02
5.287940555999999384e-04,1.200000000000000025e-02,8.000000000000000167e-03
5.288580898000000072e-04,1.200000000000000025e-02,1.600000000000000033e-02
5.289221239999999675e-04,1.200000000000000025e-02,8.000000000000000167e-03
5.289861581999999278e-04,4.000000000000000083e-03,8.000000000000000167e-03
5.290501923999999965e-04,2.000000000000000042e-02,1.600000000000000033e-02
5.291142265999999568e-04,1.200000000000000025e-02,1.600000000000000033e-02
5.291782608000000256e-04,1.200000000000000025e-02,1.600000000000000033e-02
5.292422949999999859e-04,1.200000000000000025e-02,8.000000000000000167e-03
5.293063291999999462e-04,1.200000000000000025e-02,8.000000000000000167e-03
5.293703634000000149e-04,1.200000000000000025e-02,8.000000000000000167e-03
5.294343975999999752e-04,1.200000000000000025e-02,3.200000000000000067e-02
5.294984317999999355e-04,1.200000000000000025e-02,1.600000000000000033e-02
5.295624660000000043e-04,1.200000000000000025e-02,1.600000000000000033e-02
5.296265001999999646e-04,1.200000000000000025e-02,1.600000000000000033e-02
5.296905343999999249e-04,1.200000000000000025e-02,1.600000000000000033e-02
5.297545685999999936e-04,1.200000000000000025e-02,8.000000000000000167e-03
5.298186027999999539e-04,4.000000000000000083e-03,8.000000000000000167e-03
5.298826370000000226e-04,2.000000000000000042e-02,0.000000000000000000e+00
5.299466711999999829e-04,1.200000000000000025e-02,1.600000000000000033e-02
5.300107053999999433e-04,1.200000000000000025e-02,2.400000000000000050e-02
5.300747396000000120e-04,1.200000000000000025e-02,8.000000000000000167e-03
5.301387737999999723e-04,4.000000000000000083e-03,1.600000000000000033e-02
5.302028079999999326e-04,1.200000000000000025e-02,1.600000000000000033e-02
5.302668422000000013e-04,1.200000000000000025e-02,2.400000000000000050e-02
5.303308763999999616e-04,4.000000000000000083e-03,1.600000000000000033e-02
5.303949105999999220e-04,1.200000000000000025e-02,8.000000000000000167e-03
5.304589447999999907e-04,1.200000000000000025e-02,1.600000000000000033e-02
5.305229789999999510e-04,1.200000000000000025e-02,1.600000000000000033e-02
5.305870132000000197e-04,1.200000000000000025e-02,1.600000000000000033e-02
5.306510473999999800e-04,1.200000000000000025e-02,8.000000000000000167e-03
5.307150815999999403e-04,4.000000000000000083e-03,0.000000000000000000e+00
5.307791158000000091e-04,1.200000000000000025e-02,1.600000000000000033e-02
5.308431499999999694e-04,1.200000000000000025e-02,2.400000000000000050e-02
5.309071841999999297e-04,1.200000000000000025e-02,1.600000000000000033e-02
5.309712183999999984e-04,1.200000000000000025e-02,3.200000000000000067e-02
5.310352525999999587e-04,1.200000000000000025e-02,1.600000000000000033e-02
5.310992867999999190e-04,1.200000000000000025e-02,2.400000000000000050e-02
5.311633209999999878e-04,4.000000000000000083e-03,8.000000000000000167e-03
5.312273551999999481e-04,1.200000000000000025e-02,0.000000000000000000e+00
5.312913894000000168e-04,1.200000000000000025e-02,8.000000000000000167e-03
5.313554235999999771e-04,1.200000000000000025e-02,0.000000000000000000e+00
5.314194577999999374e-04,1.200000000000000025e-02,1.600000000000000033e-02
5.314834920000000061e-04,4.000000000000000083e-03,2.400000000000000050e-02
5.315475261999999665e-04,1.200000000000000025e-02,1.600000000000000033e-02
5.316115603999999268e-04,1.200000000000000025e-02,1.600000000000000033e-02
5.316755945999999955e-04,1.200000000000000025e-02,1.600000000000000033e-02
5.317396287999999558e-04,1.200000000000000025e-02,1.600000000000000033e-02
5.318036630000000245e-04,1.200000000000000025e-02,8.000000000000000167e-03
5.318676971999999848e-04,4.000000000000000083e-03,1.600000000000000033e-02
5.319317313999999451e-04,1.200000000000000025e-02,8.000000000000000167e-03
5.319957656000000139e-04,1.200000000000000025e-02,1.600000000000000033e-02
5.320597997999999742e-04,4.000000000000000083e-03,8.000000000000000167e-03
5.321238339999999345e-04,1.200000000000000025e-02,8.000000000000000167e-03
5.321878682000000032e-04,1.200000000000000025e-02,0.000000000000000000e+00
5.322519023999999635e-04,4.000000000000000083e-03,1.600000000000000033e-02
5.323159366000000323e-04,1.200000000000000025e-02,1.600000000000000033e-02
5.323799707999999926e-04,1.200000000000000025e-02,2.400000000000000050e-02
5.324440049999999529e-04,4.000000000000000083e-03,1.600000000000000033e-02
5.325080392000000216e-04,4.000000000000000083e-03,8.000000000000000167e-03
5.325720733999999819e-04,4.000000000000000083e-03,1.600000000000000033e-02
5.326361075999999422e-04,4.000000000000000083e-03,8.000000000000000167e-03
5.327001418000000110e-04,1.200000000000000025e-02,8.000000000000000167e-03
5.327641759999999713e-04,1.200000000000000025e-02,0.000000000000000000e+00
5.328282101999999316e-04,1.200000000000000025e-02,2.400000000000000050e-02
5.328922444000000003e-04,1.200000000000000025e-02,1.600000000000000033e-02
5.329562785999999606e-04,1.200000000000000025e-02,8.000000000000000167e-03
5.330203128000000293e-04,1.200000000000000025e-02,1.600000000000000033e-02
5.330843469999999897e-04,1.200000000000000025e-02,0.000000000000000000e+00
5.331483811999999500e-04,1.200000000000000025e-02,1.600000000000000033e-02
5.332124154000000187e-04,1.200000000000000025e-02,2.400000000000000050e-02
5.332764495999999790e-04,4.000000000000000083e-03,1.600000000000000033e-02
5.333404837999999393e-04,4.000000000000000083e-03,1.600000000000000033e-02
5.334045180000000080e-04,4.000000000000000083e-03,1.600000000000000033e-02
5.334685521999999683e-04,1.200000000000000025e-02,8.000000000000000167e-03
5.335325863999999287e-04,1.200000000000000025e-02,8.000000000000000167e-03
5.335966205999999974e-04,1.200000000000000025e-02,0.000000000000000000e+00
5.336606547999999577e-04,1.200000000000000025e-02,8.000000000000000167e-03
5.337246890000000264e-04,1.200000000000000025e-02,1.600000000000000033e-02
5.337887231999999867e-04,1.200000000000000025e-02,1.600000000000000033e-02
5.338527573999999470e-04,4.000000000000000083e-03,1.600000000000000033e-02
5.339167916000000158e-04,4.000000000000000083e-03,1.600000000000000033e-02
5.339808257999999761e-04,1.200000000000000025e-02,1.600000000000000033e-02
5.340448599999999364e-04,4.000000000000000083e-03,2.400000000000000050e-02
5.341088942000000051e-04,1.200000000000000025e-02,0.000000000000000000e+00
5.341729283999999654e-04,4.000000000000000083e-03,0.000000000000000000e+00
5.342369625999999257e-04,1.200000000000000025e-02,8.000000000000000167e-03
5.343009967999999945e-04,4.000000000000000083e-03,1.600000000000000033e-02
5.343650309999999548e-04,1.200000000000000025e-02,1.600000000000000033e-02
5.344290652000000235e-04,1.200000000000000025e-02,8.000000000000000167e-03
5.344930993999999838e-04,4.000000000000000083e-03,8.000000000000000167e-03
5.345571335999999441e-04,1.200000000000000025e-02,1.600000000000000033e-02
5.346211678000000128e-04,4.000000000000000083e-03,1.600000000000000033e-02
5.346852019999999732e-04,1.200000000000000025e-02,1.600000000000000033e-02
5.347492361999999335e-04,1.200000000000000025e-02,1.600000000000000033e-02
5.348132704000000022e-04,1.200000000000000025e-02,8.000000000000000167e-03
5.348773045999999625e-04,4.000000000000000083e-03,8.000000000000000167e-03
5.349413387999999228e-04,1.200000000000000025e-02,0.000000000000000000e+00
5.350053729999999915e-04,4.000000000000000083e-03,8.000000000000000167e-03
5.350694071999999519e-04,1.200000000000000025e-02,8.000000000000000167e-03
5.351334414000000206e-04,1.200000000000000025e-02,1.600000000000000033e-02
5.351974755999999809e-04,4.000000000000000083e-03,2.400000000000000050e-02
5.352615097999999412e-04,1.200000000000000025e-02,2.400000000000000050e-02
5.353255440000000099e-04,4.000000000000000083e-03,1.600000000000000033e-02
5.353895781999999702e-04,1.200000000000000025e-02,8.000000000000000167e-03
5.354536123999999305e-04,1.200000000000000025e-02,1.600000000000000033e-02
5.355176465999999993e-04,1.200000000000000025e-02,8.000000000000000167e-03
5.355816807999999596e-04,4.000000000000000083e-03,1.600000000000000033e-02
5.356457149999999199e-04,4.000000000000000083e-03,8.000000000000000167e-03
5.357097491999999886e-04,1.200000000000000025e-02,0.000000000000000000e+00
5.357737833999999489e-04,1.200000000000000025e-02,1.600000000000000033e-02
5.358378176000000177e-04,1.200000000000000025e-02,8.000000000000000167e-03
5.359018517999999780e-04,4.000000000000000083e-03,0.000000000000000000e+00
5.359658859999999383e-04,1.200000000000000025e-02,8.000000000000000167e-03
5.360299202000000070e-04,1.200000000000000025e-02,1.600000000000000033e-02
5.360939543999999673e-04,4.000000000000000083e-03,1.600000000000000033e-02
5.361579885999999276e-04,4.000000000000000083e-03,1.600000000000000033e-02
5.362220227999999964e-04,-4.000000000000000083e-03,8.000000000000000167e-03
5.362860569999999567e-04,-4.000000000000000083e-03,8.000000000000000167e-03
5.363500912000000254e-04,1.200000000000000025e-02,8.000000000000000167e-03
5.364141253999999857e-04,4.000000000000000083e-03,8.000000000000000167e-03
5.364781595999999460e-04,1.200000000000000025e-02,0.000000000000000000e+00
5.365421938000000147e-04,4.000000000000000083e-03,8.000000000000000167e-03
5.366062279999999751e-04,1.200000000000000025e-02,2.400000000000000050e-02
5.366702621999999354e-04,4.000000000000000083e-03,8.000000000000000167e-03
5.367342964000000041e-04,1.200000000000000025e-02,8.000000000000000167e-03
5.367983305999999644e-04,1.200000000000000025e-02,8.000000000000000167e-03
5.368623648000000331e-04,4.000000000000000083e-03,8.000000000000000167e-03
5.369263989999999934e-04,1.200000000000000025e-02,2.400000000000000050e-02
5.369904331999999537e-04,1.200000000000000025e-02,1.600000000000000033e-02
5.370544674000000225e-04,1.200000000000000025e-02,1.600000000000000033e-02
5.371185015999999828e-04,1.200000000000000025e-02,8.000000000000000167e-03
5.371825357999999431e-04,4.000000000000000083e-03,1.600000000000000033e-02
5.372465700000000118e-04,1.200000000000000025e-02,8.000000000000000167e-03
5.373106041999999721e-04,1.200000000000000025e-02,8.000000000000000167e-03
5.373746383999999324e-04,1.200000000000000025e-02,8.000000000000000167e-03
5.374386726000000012e-04,4.000000000000000083e-03,2.400000000000000050e-02
5.375027067999999615e-04,1.200000000000000025e-02,1.600000000000000033e-02
5.375667410000000302e-04,4.000000000000000083e-03,1.600000000000000033e-02
5.376307751999999905e-04,4.000000000000000083e-03,2.400000000000000050e-02
5.376948093999999508e-04,1.200000000000000025e-02,8.000000000000000167e-03
5.377588436000000196e-04,4.000000000000000083e-03,1.600000000000000033e-02
5.378228777999999799e-04,1.200000000000000025e-02,0.000000000000000000e+00
5.378869119999999402e-04,4.000000000000000083e-03,8.000000000000000167e-03
5.379509462000000089e-04,4.000000000000000083e-03,8.000000000000000167e-03
5.380149803999999692e-04,1.200000000000000025e-02,1.600000000000000033e-02
5.380790145999999295e-04,1.200000000000000025e-02,8.000000000000000167e-03
5.381430487999999982e-04,1.200000000000000025e-02,2.400000000000000050e-02
5.382070829999999586e-04,1.200000000000000025e-02,1.600000000000000033e-02
5.382711172000000273e-04,4.000000000000000083e-03,8.000000000000000167e-03
5.383351513999999876e-04,1.200000000000000025e-02,1.600000000000000033e-02
5.383991855999999479e-04,1.200000000000000025e-02,1.600000000000000033e-02
5.384632198000000166e-04,4.000000000000000083e-03,1.600000000000000033e-02
5.385272539999999769e-04,1.200000000000000025e-02,8.000000000000000167e-03
5.385912881999999373e-04,1.200000000000000025e-02,0.000000000000000000e+00
5.386553224000000060e-04,1.200000000000000025e-02,8.000000000000000167e-03
5.387193565999999663e-04,1.200000000000000025e-02,8.000000000000000167e-03
5.387833907999999266e-04,4.000000000000000083e-03,8.000000000000000167e-03
5.388474249999999953e-04,4.000000000000000083e-03,8.000000000000000167e-03
5.389114591999999556e-04,1.200000000000000025e-02,2.400000000000000050e-02
5.389754934000000244e-04,4.000000000000000083e-03,3.200000000000000067e-02
5.390395275999999847e-04,4.000000000000000083e-03,1.600000000000000033e-02
5.391035617999999450e-04,4.000000000000000083e-03,-8.000000000000000167e-03
5.391675960000000137e-04,4.000000000000000083e-03,1.600000000000000033e-02
5.392316301999999740e-04,4.000000000000000083e-03,1.600000000000000033e-02
5.392956643999999343e-04,1.200000000000000025e-02,1.600000000000000033e-02
5.393596986000000031e-04,4.000000000000000083e-03,1.600000000000000033e-02
5.394237327999999634e-04,4.000000000000000083e-03,8.000000000000000167e-03
5.394877669999999237e-04,1.200000000000000025e-02,1.600000000000000033e-02
5.395518011999999924e-04,1.200000000000000025e-02,8.000000000000000167e-03
5.396158353999999527e-04,1.200000000000000025e-02,8.000000000000000167e-03
5.396798696000000214e-04,4.000000000000000083e-03,8.000000000000000167e-03
5.397439037999999818e-04,1.200000000000000025e-02,2.400000000000000050e-02
5.398079379999999421e-04,1.200000000000000025e-02,2.400000000000000050e-02
5.398719722000000108e-04,1.200000000000000025e-02,2.400000000000000050e-02
5.399360063999999711e-04,1.200000000000000025e-02,8.000000000000000167e-03
5.400000405999999314e-04,4.000000000000000083e-03,8.000000000000000167e-03
5.400640748000000001e-04,1.200000000000000025e-02,1.600000000000000033e-02
5.401281089999999604e-04,4.000000000000000083e-03,0.000000000000000000e+00
5.401921431999999208e-04,1.200000000000000025e-02,8.000000000000000167e-03
5.402561773999999895e-04,1.200000000000000025e-02,0.000000000000000000e+00
5.403202115999999498e-04,1.200000000000000025e-02,1.600000000000000033e-02
5.403842458000000185e-04,1.200000000000000025e-02,8.000000000000000167e-03
5.404482799999999788e-04,1.200000000000000025e-02,1.600000000000000033e-02
5.405123141999999391e-04,1.200000000000000025e-02,8.000000000000000167e-03
5.405763484000000079e-04,4.000000000000000083e-03,8.000000000000000167e-03
5.406403825999999682e-04,4.000000000000000083e-03,8.000000000000000167e-03
5.407044167999999285e-04,1.200000000000000025e-02,1.600000000000000033e-02
5.407684509999999972e-04,1.200000000000000025e-02,8.000000000000000167e-03
5.408324851999999575e-04,4.000000000000000083e-03,8.000000000000000167e-03
5.408965194000000263e-04,1.200000000000000025e-02,8.000000000000000167e-03
5.409605535999999866e-04,1.200000000000000025e-02,0.000000000000000000e+00
5.410245877999999469e-04,4.000000000000000083e-03,8.000000000000000167e-03
5.410886220000000156e-04,1.200000000000000025e-02,8.000000000000000167e-03
5.411526561999999759e-04,4.000000000000000083e-03,1.600000000000000033e-02
5.412166903999999362e-04,4.000000000000000083e-03,1.600000000000000033e-02
5.412807246000000050e-04,1.200000000000000025e-02,2.400000000000000050e-02
5.413447587999999653e-04,4.000000000000000083e-03,1.600000000000000033e-02
5.414087930000000340e-04,4.000000000000000083e-03,8.000000000000000167e-03
5.414728271999999943e-04,4.000000000000000083e-03,-8.000000000000000167e-03
5.415368613999999546e-04,1.200000000000000025e-02,0.000000000000000000e+00
5.416008956000000233e-04,4.000000000000000083e-03,2.400000000000000050e-02
5.416649297999999836e-04,4.000000000000000083e-03,0.000000000000000000e+00
5.417289639999999440e-04,1.200000000000000025e-02,1.600000000000000033e-02
5.417929982000000127e-04,1.200000000000000025e-02,2.400000000000000050e-02
5.418570323999999730e-04,1.200000000000000025e-02,1.600000000000000033e-02
5.419210665999999333e-04,4.000000000000000083e-03,1.600000000000000033e-02
5.419851008000000020e-04,4.000000000000000083e-03,0.000000000000000000e+00
5.420491349999999623e-04,1.200000000000000025e-02,8.000000000000000167e-03
5.421131692000000311e-04,1.200000000000000025e-02,1.600000000000000033e-02
5.421772033999999914e-04,4.000000000000000083e-03,1.600000000000000033e-02
5.422412375999999517e-04,1.200000000000000025e-02,8.000000000000000167e-03
5.423052718000000204e-04,1.200000000000000025e-02,0.000000000000000000e+00
5.423693059999999807e-04,1.200000000000000025e-02,8.000000000000000167e-03
5.424333401999999410e-04,1.200000000000000025e-02,8.000000000000000167e-03
5.424973744000000098e-04,1.200000000000000025e-02,0.000000000000000000e+00
5.425614085999999701e-04,1.200000000000000025e-02,8.000000000000000167e-03
5.426254427999999304e-04,1.200000000000000025e-02,1.600000000000000033e-02
5.426894769999999991e-04,1.200000000000000025e-02,2.400000000000000050e-02
5.427535111999999594e-04,4.000000000000000083e-03,1.600000000000000033e-02
5.428175454000000281e-04,1.200000000000000025e-02,0.000000000000000000e+00
5.428815795999999885e-04,4.000000000000000083e-03,8.000000000000000167e-03
5.429456137999999488e-04,4.000000000000000083e-03,8.000000000000000167e-03
5.430096480000000175e-04,4.000000000000000083e-03,8.000000000000000167e-03
5.430736821999999778e-04,4.000000000000000083e-03,8.000000000000000167e-03
5.431377163999999381e-04,4.000000000000000083e-03,8.000000000000000167e-03
5.432017506000000068e-04,4.000000000000000083e-03,8.000000000000000167e-03
5.432657847999999672e-04,1.200000000000000025e-02,8.000000000000000167e-03
5.433298189999999275e-04,1.200000000000000025e-02,1.600000000000000033e-02
5.433938531999999962e-04,4.000000000000000083e-03,8.000000000000000167e-03
5.434578873999999565e-04,4.000000000000000083e-03,1.600000000000000033e-02
5.435219216000000252e-04,4.000000000000000083e-03,1.600000000000000033e-02
5.435859557999999855e-04,4.000000000000000083e-03,1.600000000000000033e-02
5.436499899999999458e-04,1.200000000000000025e-02,1.600000000000000033e-02
5.437140242000000146e-04,4.000000000000000083e-03,8.000000000000000167e-03
5.437780583999999749e-04,4.000000000000000083e-03,0.000000000000000000e+00
5.438420925999999352e-04,1.200000000000000025e-02,8.000000000000000167e-03
5.439061268000000039e-04,1.200000000000000025e-02,8.000000000000000167e-03
5.439701609999999642e-04,4.000000000000000083e-03,1.600000000000000033e-02
5.440341951999999245e-04,4.000000000000000083e-03,1.600000000000000033e-02
5.440982293999999933e-04,4.000000000000000083e-03,1.600000000000000033e-02
5.441622635999999536e-04,1.200000000000000025e-02,2.400000000000000050e-02
5.442262978000000223e-04,4.000000000000000083e-03,1.600000000000000033e-02
5.442903319999999826e-04,-4.000000000000000083e-03,0.000000000000000000e+00
5.443543661999999429e-04,1.200000000000000025e-02,8.000000000000000167e-03
5.444184004000000117e-04,1.200000000000000025e-02,1.600000000000000033e-02
5.444824345999999720e-04,1.200000000000000025e-02,1.600000000000000033e-02
5.445464687999999323e-04,4.000000000000000083e-03,8.000000000000000167e-03
5.446105030000000010e-04,4.000000000000000083e-03,0.000000000000000000e+00
5.446745371999999613e-04,1.200000000000000025e-02,8.000000000000000167e-03
5.447385713999999216e-04,1.200000000000000025e-02,8.000000000000000167e-03
5.448026055999999904e-04,1.200000000000000025e-02,1.600000000000000033e-02
5.448666397999999507e-04,1.200000000000000025e-02,8.000000000000000167e-03
5.449306740000000194e-04,-4.000000000000000083e-03,1.600000000000000033e-02
5.449947081999999797e-04,1.200000000000000025e-02,2.400000000000000050e-02
5.450587423999999400e-04,1.200000000000000025e-02,8.000000000000000167e-03
5.451227766000000087e-04,1.200000000000000025e-02,8.000000000000000167e-03
5.451868107999999690e-04,1.200000000000000025e-02,0.000000000000000000e+00
5.452508449999999294e-04,4.000000000000000083e-03,-8.000000000000000167e-03
5.453148791999999981e-04,1.200000000000000025e-02,1.600000000000000033e-02
5.453789133999999584e-04,1.200000000000000025e-02,1.600000000000000033e-02
5.454429475999999187e-04,1.200000000000000025e-02,1.600000000000000033e-02
5.455069817999999874e-04,4.000000000000000083e-03,1.600000000000000033e-02
5.455710159999999477e-04,1.200000000000000025e-02,1.600000000000000033e-02
5.456350502000000165e-04,4.000000000000000083e-03,1.600000000000000033e-02
5.456990843999999768e-04,1.200000000000000025e-02,8.000000000000000167e-03
5.457631185999999371e-04,1.200000000000000025e-02,8.000000000000000167e-03
5.458271528000000058e-04,4.000000000000000083e-03,8.000000000000000167e-03
5.458911869999999661e-04,4.000000000000000083e-03,1.600000000000000033e-02
5.459552212000000349e-04,4.000000000000000083e-03,1.600000000000000033e-02
5.460192553999999952e-04,1.200000000000000025e-02,0.000000000000000000e+00
5.460832895999999555e-04,4.000000000000000083e-03,0.000000000000000000e+00
5.461473237999999158e-04,4.000000000000000083e-03,8.000000000000000167e-03
5.462113579999999845e-04,4.000000000000000083e-03,8.000000000000000167e-03
5.462753921999999448e-04,2.000000000000000042e-02,8.000000000000000167e-03
5.463394264000000135e-04,4.000000000000000083e-03,8.000000000000000167e-03
5.464034605999999739e-04,4.000000000000000083e-03,2.400000000000000050e-02
5.464674947999999342e-04,4.000000000000000083e-03,1.600000000000000033e-02
5.465315290000000029e-04,1.200000000000000025e-02,1.600000000000000033e-02
5.465955631999999632e-04,4.000000000000000083e-03,0.000000000000000000e+00
5.466595974000000319e-04,1.200000000000000025e-02,8.000000000000000167e-03
5.467236315999999922e-04,4.000000000000000083e-03,1.600000000000000033e-02
5.467876657999999526e-04,4.000000000000000083e-03,1.600000000000000033e-02
