4.802561000000000113e-04,2.391999999999999904e+00,1.768000000000000016e+00
4.803201342000000258e-04,2.391999999999999904e+00,1.776000000000000023e+00
4.803841683999999861e-04,2.391999999999999904e+00,1.776000000000000023e+00
4.804482026000000006e-04,2.391999999999999904e+00,1.776000000000000023e+00
4.805122368000000152e-04,2.391999999999999904e+00,1.784000000000000030e+00
4.805762710000000297e-04,2.391999999999999904e+00,1.768000000000000016e+00
4.806403051999999900e-04,2.391999999999999904e+00,1.784000000000000030e+00
4.807043394000000045e-04,2.391999999999999904e+00,1.784000000000000030e+00
4.807683736000000190e-04,2.391999999999999904e+00,1.760000000000000009e+00
4.808324078000000335e-04,2.391999999999999904e+00,1.776000000000000023e+00
4.808964419999999938e-04,2.391999999999999904e+00,1.768000000000000016e+00
4.809604762000000084e-04,2.391999999999999904e+00,1.776000000000000023e+00
4.810245104000000229e-04,2.391999999999999904e+00,1.776000000000000023e+00
4.810885446000000374e-04,2.391999999999999904e+00,1.784000000000000030e+00
4.811525787999999977e-04,2.391999999999999904e+00,1.784000000000000030e+00
4.812166130000000122e-04,2.391999999999999904e+00,1.784000000000000030e+00
4.812806472000000267e-04,2.391999999999999904e+00,1.776000000000000023e+00
4.813446813999999871e-04,2.391999999999999904e+00,1.776000000000000023e+00
4.814087156000000016e-04,2.391999999999999904e+00,1.768000000000000016e+00
4.814727498000000161e-04,2.391999999999999904e+00,1.784000000000000030e+00
4.815367840000000306e-04,2.391999999999999904e+00,1.776000000000000023e+00
4.816008181999999909e-04,2.391999999999999904e+00,1.768000000000000016e+00
4.816648524000000054e-04,2.391999999999999904e+00,1.776000000000000023e+00
4.817288866000000200e-04,2.391999999999999904e+00,1.776000000000000023e+00
4.817929208000000345e-04,2.391999999999999904e+00,1.784000000000000030e+00
4.818569549999999948e-04,2.391999999999999904e+00,1.776000000000000023e+00
4.819209892000000093e-04,2.391999999999999904e+00,1.776000000000000023e+00
4.819850234000000238e-04,2.391999999999999904e+00,1.784000000000000030e+00
4.820490575999999841e-04,2.391999999999999904e+00,1.792000000000000037e+00
4.821130917999999987e-04,2.391999999999999904e+00,1.776000000000000023e+00
4.821771260000000132e-04,2.391999999999999904e+00,1.768000000000000016e+00
4.822411602000000277e-04,2.391999999999999904e+00,1.776000000000000023e+00
4.823051943999999880e-04,2.391999999999999904e+00,1.768000000000000016e+00
4.823692286000000025e-04,2.391999999999999904e+00,1.784000000000000030e+00
4.824332628000000170e-04,2.391999999999999904e+00,1.768000000000000016e+00
4.824972970000000316e-04,2.391999999999999904e+00,1.776000000000000023e+00
4.825613311999999919e-04,2.391999999999999904e+00,1.784000000000000030e+00
4.826253654000000064e-04,2.391999999999999904e+00,1.792000000000000037e+00
4.826893996000000209e-04,2.391999999999999904e+00,1.784000000000000030e+00
4.827534338000000354e-04,2.391999999999999904e+00,1.768000000000000016e+00
4.828174679999999957e-04,2.391999999999999904e+00,1.760000000000000009e+00
4.828815022000000103e-04,2.391999999999999904e+00,1.768000000000000016e+00
4.829455364000000248e-04,2.391999999999999904e+00,1.776000000000000023e+00
4.830095705999999851e-04,2.391999999999999904e+00,1.776000000000000023e+00
4.830736047999999996e-04,2.391999999999999904e+00,1.768000000000000016e+00
4.831376390000000141e-04,2.391999999999999904e+00,1.760000000000000009e+00
4.832016732000000286e-04,2.391999999999999904e+00,1.800000000000000044e+00
4.832657073999999889e-04,2.391999999999999904e+00,1.808000000000000052e+00
4.833297416000000035e-04,2.391999999999999904e+00,1.776000000000000023e+00
4.833937758000000180e-04,2.391999999999999904e+00,1.768000000000000016e+00
4.834578100000000325e-04,2.391999999999999904e+00,1.776000000000000023e+00
4.835218441999999928e-04,2.391999999999999904e+00,1.800000000000000044e+00
4.835858784000000073e-04,2.391999999999999904e+00,1.776000000000000023e+00
4.836499126000000219e-04,2.391999999999999904e+00,1.776000000000000023e+00
4.837139468000000364e-04,2.391999999999999904e+00,1.760000000000000009e+00
4.837779809999999967e-04,2.391999999999999904e+00,1.784000000000000030e+00
4.838420152000000112e-04,2.391999999999999904e+00,1.792000000000000037e+00
4.839060494000000257e-04,2.391999999999999904e+00,1.792000000000000037e+00
4.839700835999999860e-04,2.391999999999999904e+00,1.768000000000000016e+00
4.840341178000000005e-04,2.391999999999999904e+00,1.784000000000000030e+00
4.840981520000000151e-04,2.391999999999999904e+00,1.776000000000000023e+00
4.841621862000000296e-04,2.391999999999999904e+00,1.776000000000000023e+00
4.842262203999999899e-04,2.391999999999999904e+00,1.776000000000000023e+00
4.842902546000000044e-04,2.391999999999999904e+00,1.784000000000000030e+00
4.843542888000000189e-04,2.391999999999999904e+00,1.784000000000000030e+00
4.844183230000000335e-04,2.391999999999999904e+00,1.784000000000000030e+00
4.844823571999999938e-04,2.391999999999999904e+00,1.768000000000000016e+00
4.845463914000000083e-04,2.391999999999999904e+00,1.760000000000000009e+00
4.846104256000000228e-04,2.391999999999999904e+00,1.768000000000000016e+00
4.846744598000000373e-04,2.391999999999999904e+00,1.784000000000000030e+00
4.847384939999999976e-04,2.391999999999999904e+00,1.760000000000000009e+00
4.848025282000000121e-04,2.391999999999999904e+00,1.800000000000000044e+00
4.848665624000000267e-04,2.391999999999999904e+00,1.808000000000000052e+00
4.849305965999999870e-04,2.391999999999999904e+00,1.784000000000000030e+00
4.849946308000000015e-04,2.391999999999999904e+00,1.760000000000000009e+00
4.850586650000000160e-04,2.391999999999999904e+00,1.768000000000000016e+00
4.851226992000000305e-04,2.391999999999999904e+00,1.776000000000000023e+00
4.851867333999999908e-04,2.391999999999999904e+00,1.776000000000000023e+00
4.852507676000000054e-04,2.391999999999999904e+00,1.776000000000000023e+00
4.853148018000000199e-04,2.391999999999999904e+00,1.768000000000000016e+00
4.853788360000000344e-04,2.391999999999999904e+00,1.776000000000000023e+00
4.854428701999999947e-04,2.391999999999999904e+00,1.784000000000000030e+00
4.855069044000000092e-04,2.391999999999999904e+00,1.776000000000000023e+00
4.855709386000000237e-04,2.391999999999999904e+00,1.784000000000000030e+00
4.856349728000000383e-04,2.391999999999999904e+00,1.792000000000000037e+00
4.856990069999999986e-04,2.391999999999999904e+00,1.768000000000000016e+00
4.857630412000000131e-04,2.391999999999999904e+00,1.776000000000000023e+00
4.858270754000000276e-04,2.391999999999999904e+00,1.792000000000000037e+00
4.858911095999999879e-04,2.391999999999999904e+00,1.768000000000000016e+00
4.859551438000000024e-04,2.391999999999999904e+00,1.768000000000000016e+00
4.860191780000000170e-04,2.391999999999999904e+00,1.752000000000000002e+00
4.860832122000000315e-04,2.391999999999999904e+00,1.776000000000000023e+00
4.861472463999999918e-04,2.391999999999999904e+00,1.792000000000000037e+00
4.862112806000000063e-04,2.391999999999999904e+00,1.792000000000000037e+00
4.862753148000000208e-04,2.391999999999999904e+00,1.784000000000000030e+00
4.863393490000000353e-04,2.391999999999999904e+00,1.776000000000000023e+00
4.864033831999999957e-04,2.391999999999999904e+00,1.776000000000000023e+00
4.864674174000000102e-04,2.391999999999999904e+00,1.784000000000000030e+00
4.865314516000000247e-04,2.391999999999999904e+00,1.776000000000000023e+00
4.865954857999999850e-04,2.391999999999999904e+00,1.768000000000000016e+00
4.866595199999999995e-04,2.391999999999999904e+00,1.784000000000000030e+00
4.867235542000000140e-04,2.391999999999999904e+00,1.784000000000000030e+00
4.867875884000000286e-04,2.391999999999999904e+00,1.776000000000000023e+00
4.868516225999999889e-04,2.391999999999999904e+00,1.768000000000000016e+00
4.869156568000000034e-04,2.391999999999999904e+00,1.768000000000000016e+00
4.869796910000000179e-04,2.391999999999999904e+00,1.776000000000000023e+00
4.870437252000000324e-04,2.391999999999999904e+00,1.776000000000000023e+00
4.871077593999999927e-04,2.391999999999999904e+00,1.784000000000000030e+00
4.871717936000000073e-04,2.391999999999999904e+00,1.784000000000000030e+00
4.872358278000000218e-04,2.391999999999999904e+00,1.776000000000000023e+00
4.872998620000000363e-04,2.391999999999999904e+00,1.776000000000000023e+00
4.873638961999999966e-04,2.391999999999999904e+00,1.776000000000000023e+00
4.874279304000000111e-04,2.391999999999999904e+00,1.768000000000000016e+00
4.874919646000000256e-04,2.391999999999999904e+00,1.776000000000000023e+00
4.875559987999999859e-04,2.391999999999999904e+00,1.768000000000000016e+00
4.876200330000000005e-04,2.391999999999999904e+00,1.760000000000000009e+00
4.876840672000000150e-04,2.391999999999999904e+00,1.776000000000000023e+00
4.877481014000000295e-04,2.391999999999999904e+00,1.784000000000000030e+00
4.878121355999999898e-04,2.391999999999999904e+00,1.776000000000000023e+00
4.878761698000000043e-04,2.391999999999999904e+00,1.776000000000000023e+00
4.879402040000000189e-04,2.391999999999999904e+00,1.784000000000000030e+00
4.880042382000000334e-04,2.391999999999999904e+00,1.800000000000000044e+00
4.880682723999999937e-04,2.391999999999999904e+00,1.784000000000000030e+00
4.881323066000000082e-04,2.391999999999999904e+00,1.768000000000000016e+00
4.881963408000000227e-04,2.391999999999999904e+00,1.776000000000000023e+00
4.882603750000000372e-04,2.391999999999999904e+00,1.776000000000000023e+00
4.883244091999999975e-04,2.391999999999999904e+00,1.768000000000000016e+00
4.883884434000000663e-04,2.391999999999999904e+00,1.776000000000000023e+00
4.884524776000000266e-04,2.391999999999999904e+00,1.784000000000000030e+00
4.885165117999999869e-04,2.391999999999999904e+00,1.792000000000000037e+00
4.885805460000000556e-04,2.391999999999999904e+00,1.792000000000000037e+00
4.886445802000000159e-04,2.391999999999999904e+00,1.768000000000000016e+00
4.887086143999999762e-04,2.391999999999999904e+00,1.776000000000000023e+00
4.887726486000000450e-04,2.391999999999999904e+00,1.792000000000000037e+00
4.888366828000000053e-04,2.391999999999999904e+00,1.776000000000000023e+00
4.889007169999999656e-04,2.391999999999999904e+00,1.776000000000000023e+00
4.889647512000000343e-04,2.391999999999999904e+00,1.768000000000000016e+00
4.890287853999999946e-04,2.391999999999999904e+00,1.768000000000000016e+00
4.890928196000000634e-04,2.391999999999999904e+00,1.784000000000000030e+00
4.891568538000000237e-04,2.391999999999999904e+00,1.768000000000000016e+00
4.892208879999999840e-04,2.391999999999999904e+00,1.768000000000000016e+00
4.892849222000000527e-04,2.391999999999999904e+00,1.784000000000000030e+00
4.893489564000000130e-04,2.391999999999999904e+00,1.784000000000000030e+00
4.894129905999999733e-04,2.391999999999999904e+00,1.784000000000000030e+00
4.894770248000000420e-04,2.391999999999999904e+00,1.784000000000000030e+00
4.895410590000000024e-04,2.391999999999999904e+00,1.784000000000000030e+00
4.896050931999999627e-04,2.391999999999999904e+00,1.776000000000000023e+00
4.896691274000000314e-04,2.391999999999999904e+00,1.760000000000000009e+00
4.897331615999999917e-04,2.391999999999999904e+00,1.784000000000000030e+00
4.897971958000000604e-04,2.391999999999999904e+00,1.768000000000000016e+00
4.898612300000000207e-04,2.391999999999999904e+00,1.776000000000000023e+00
4.899252641999999811e-04,2.391999999999999904e+00,1.792000000000000037e+00
4.899892984000000498e-04,2.391999999999999904e+00,1.784000000000000030e+00
4.900533326000000101e-04,2.391999999999999904e+00,1.776000000000000023e+00
4.901173667999999704e-04,2.391999999999999904e+00,1.776000000000000023e+00
4.901814010000000391e-04,2.391999999999999904e+00,1.768000000000000016e+00
4.902454351999999994e-04,2.391999999999999904e+00,1.784000000000000030e+00
4.903094693999999597e-04,2.391999999999999904e+00,1.792000000000000037e+00
4.903735036000000285e-04,2.391999999999999904e+00,1.784000000000000030e+00
4.904375377999999888e-04,2.391999999999999904e+00,1.776000000000000023e+00
4.905015720000000575e-04,2.391999999999999904e+00,1.776000000000000023e+00
4.905656062000000178e-04,2.391999999999999904e+00,1.768000000000000016e+00
4.906296403999999781e-04,2.391999999999999904e+00,1.768000000000000016e+00
4.906936746000000469e-04,2.391999999999999904e+00,1.776000000000000023e+00
4.907577088000000072e-04,2.391999999999999904e+00,1.784000000000000030e+00
4.908217429999999675e-04,2.391999999999999904e+00,1.784000000000000030e+00
4.908857772000000362e-04,2.391999999999999904e+00,1.800000000000000044e+00
4.909498113999999965e-04,2.391999999999999904e+00,1.776000000000000023e+00
4.910138455999999568e-04,2.391999999999999904e+00,1.768000000000000016e+00
4.910778798000000256e-04,2.391999999999999904e+00,1.760000000000000009e+00
4.911419139999999859e-04,2.391999999999999904e+00,1.776000000000000023e+00
4.912059482000000546e-04,2.391999999999999904e+00,1.792000000000000037e+00
4.912699824000000149e-04,2.391999999999999904e+00,1.776000000000000023e+00
4.913340165999999752e-04,2.391999999999999904e+00,1.760000000000000009e+00
4.913980508000000439e-04,2.391999999999999904e+00,1.776000000000000023e+00
4.914620850000000042e-04,2.391999999999999904e+00,1.800000000000000044e+00
4.915261191999999646e-04,2.391999999999999904e+00,1.776000000000000023e+00
4.915901534000000333e-04,2.391999999999999904e+00,1.768000000000000016e+00
4.916541875999999936e-04,2.391999999999999904e+00,1.784000000000000030e+00
4.917182218000000623e-04,2.391999999999999904e+00,1.792000000000000037e+00
4.917822560000000226e-04,2.391999999999999904e+00,1.784000000000000030e+00
4.918462901999999829e-04,2.391999999999999904e+00,1.768000000000000016e+00
4.919103244000000517e-04,2.391999999999999904e+00,1.768000000000000016e+00
4.919743586000000120e-04,2.391999999999999904e+00,1.768000000000000016e+00
4.920383927999999723e-04,2.391999999999999904e+00,1.776000000000000023e+00
4.921024270000000410e-04,2.391999999999999904e+00,1.768000000000000016e+00
4.921664612000000013e-04,2.391999999999999904e+00,1.792000000000000037e+00
4.922304953999999616e-04,2.391999999999999904e+00,1.776000000000000023e+00
4.922945296000000304e-04,2.391999999999999904e+00,1.784000000000000030e+00
4.923585637999999907e-04,2.391999999999999904e+00,1.776000000000000023e+00
4.924225980000000594e-04,2.391999999999999904e+00,1.784000000000000030e+00
4.924866322000000197e-04,2.391999999999999904e+00,1.784000000000000030e+00
4.925506663999999800e-04,2.391999999999999904e+00,1.776000000000000023e+00
4.926147006000000488e-04,2.391999999999999904e+00,1.784000000000000030e+00
4.926787348000000091e-04,2.391999999999999904e+00,1.784000000000000030e+00
4.927427689999999694e-04,2.391999999999999904e+00,1.776000000000000023e+00
4.928068032000000381e-04,2.391999999999999904e+00,1.768000000000000016e+00
4.928708373999999984e-04,2.391999999999999904e+00,1.784000000000000030e+00
4.929348715999999587e-04,2.391999999999999904e+00,1.784000000000000030e+00
4.929989058000000274e-04,2.391999999999999904e+00,1.784000000000000030e+00
4.930629399999999878e-04,2.391999999999999904e+00,1.776000000000000023e+00
4.931269742000000565e-04,2.391999999999999904e+00,1.768000000000000016e+00
4.931910084000000168e-04,2.391999999999999904e+00,1.792000000000000037e+00
4.932550425999999771e-04,2.391999999999999904e+00,1.776000000000000023e+00
4.933190768000000458e-04,2.391999999999999904e+00,1.776000000000000023e+00
4.933831110000000061e-04,2.391999999999999904e+00,1.760000000000000009e+00
4.934471451999999665e-04,2.391999999999999904e+00,1.784000000000000030e+00
4.935111794000000352e-04,2.391999999999999904e+00,1.776000000000000023e+00
4.935752135999999955e-04,2.391999999999999904e+00,1.776000000000000023e+00
4.936392478000000642e-04,2.391999999999999904e+00,1.776000000000000023e+00
4.937032820000000245e-04,2.391999999999999904e+00,1.784000000000000030e+00
4.937673161999999848e-04,2.391999999999999904e+00,1.768000000000000016e+00
4.938313504000000536e-04,2.391999999999999904e+00,1.776000000000000023e+00
4.938953846000000139e-04,2.391999999999999904e+00,1.784000000000000030e+00
4.939594187999999742e-04,2.391999999999999904e+00,1.776000000000000023e+00
4.940234530000000429e-04,2.391999999999999904e+00,1.792000000000000037e+00
4.940874872000000032e-04,2.391999999999999904e+00,1.784000000000000030e+00
4.941515213999999635e-04,2.391999999999999904e+00,1.768000000000000016e+00
4.942155556000000323e-04,2.391999999999999904e+00,1.784000000000000030e+00
4.942795897999999926e-04,2.391999999999999904e+00,1.752000000000000002e+00
4.943436240000000613e-04,2.391999999999999904e+00,1.776000000000000023e+00
4.944076582000000216e-04,2.391999999999999904e+00,1.792000000000000037e+00
4.944716923999999819e-04,2.391999999999999904e+00,1.792000000000000037e+00
4.945357266000000506e-04,2.391999999999999904e+00,1.776000000000000023e+00
4.945997608000000110e-04,2.391999999999999904e+00,1.792000000000000037e+00
4.946637949999999713e-04,2.391999999999999904e+00,1.776000000000000023e+00
4.947278292000000400e-04,2.391999999999999904e+00,1.776000000000000023e+00
4.947918634000000003e-04,2.391999999999999904e+00,1.776000000000000023e+00
4.948558975999999606e-04,2.391999999999999904e+00,1.776000000000000023e+00
4.949199318000000293e-04,2.391999999999999904e+00,1.776000000000000023e+00
4.949839659999999896e-04,2.391999999999999904e+00,1.784000000000000030e+00
4.950480002000000584e-04,2.391999999999999904e+00,1.776000000000000023e+00
4.951120344000000187e-04,2.391999999999999904e+00,1.760000000000000009e+00
4.951760685999999790e-04,2.391999999999999904e+00,1.776000000000000023e+00
4.952401028000000477e-04,2.391999999999999904e+00,1.784000000000000030e+00
4.953041370000000080e-04,2.391999999999999904e+00,1.792000000000000037e+00
4.953681711999999683e-04,2.391999999999999904e+00,1.784000000000000030e+00
4.954322054000000371e-04,2.391999999999999904e+00,1.792000000000000037e+00
4.954962395999999974e-04,2.391999999999999904e+00,1.776000000000000023e+00
4.955602737999999577e-04,2.391999999999999904e+00,1.760000000000000009e+00
4.956243080000000264e-04,2.391999999999999904e+00,1.776000000000000023e+00
4.956883421999999867e-04,2.391999999999999904e+00,1.752000000000000002e+00
4.957523764000000555e-04,2.391999999999999904e+00,1.784000000000000030e+00
4.958164106000000158e-04,2.391999999999999904e+00,1.792000000000000037e+00
4.958804447999999761e-04,2.391999999999999904e+00,1.784000000000000030e+00
4.959444790000000448e-04,2.391999999999999904e+00,1.776000000000000023e+00
4.960085132000000051e-04,2.391999999999999904e+00,1.768000000000000016e+00
4.960725473999999654e-04,2.391999999999999904e+00,1.776000000000000023e+00
4.961365816000000342e-04,2.391999999999999904e+00,1.784000000000000030e+00
4.962006157999999945e-04,2.391999999999999904e+00,1.768000000000000016e+00
4.962646500000000632e-04,2.391999999999999904e+00,1.776000000000000023e+00
4.963286842000000235e-04,2.391999999999999904e+00,1.784000000000000030e+00
4.963927183999999838e-04,2.391999999999999904e+00,1.776000000000000023e+00
4.964567526000000525e-04,2.391999999999999904e+00,1.776000000000000023e+00
4.965207868000000128e-04,2.391999999999999904e+00,1.768000000000000016e+00
4.965848209999999732e-04,2.391999999999999904e+00,1.784000000000000030e+00
4.966488552000000419e-04,2.391999999999999904e+00,1.784000000000000030e+00
4.967128894000000022e-04,2.391999999999999904e+00,1.776000000000000023e+00
4.967769235999999625e-04,2.391999999999999904e+00,1.792000000000000037e+00
4.968409578000000312e-04,2.391999999999999904e+00,1.784000000000000030e+00
4.969049919999999915e-04,2.391999999999999904e+00,1.776000000000000023e+00
4.969690262000000603e-04,2.391999999999999904e+00,1.776000000000000023e+00
4.970330604000000206e-04,2.391999999999999904e+00,1.776000000000000023e+00
4.970970945999999809e-04,2.391999999999999904e+00,1.784000000000000030e+00
4.971611288000000496e-04,2.391999999999999904e+00,1.776000000000000023e+00
4.972251630000000099e-04,2.391999999999999904e+00,1.776000000000000023e+00
4.972891971999999702e-04,2.391999999999999904e+00,1.784000000000000030e+00
4.973532314000000390e-04,2.391999999999999904e+00,1.784000000000000030e+00
4.974172655999999993e-04,2.391999999999999904e+00,1.784000000000000030e+00
4.974812997999999596e-04,2.391999999999999904e+00,1.768000000000000016e+00
4.975453340000000283e-04,2.391999999999999904e+00,1.776000000000000023e+00
4.976093681999999886e-04,2.391999999999999904e+00,1.792000000000000037e+00
4.976734024000000573e-04,2.391999999999999904e+00,1.792000000000000037e+00
4.977374366000000177e-04,2.391999999999999904e+00,1.776000000000000023e+00
4.978014707999999780e-04,2.391999999999999904e+00,1.776000000000000023e+00
4.978655050000000467e-04,2.391999999999999904e+00,1.776000000000000023e+00
4.979295392000000070e-04,2.391999999999999904e+00,1.768000000000000016e+00
4.979935733999999673e-04,2.391999999999999904e+00,1.768000000000000016e+00
4.980576076000000360e-04,2.391999999999999904e+00,1.768000000000000016e+00
4.981216417999999964e-04,2.391999999999999904e+00,1.792000000000000037e+00
4.981856760000000651e-04,2.391999999999999904e+00,1.800000000000000044e+00
4.982497102000000254e-04,2.391999999999999904e+00,1.776000000000000023e+00
4.983137443999999857e-04,2.391999999999999904e+00,1.768000000000000016e+00
4.983777786000000544e-04,2.391999999999999904e+00,1.776000000000000023e+00
4.984418128000000147e-04,2.391999999999999904e+00,1.768000000000000016e+00
4.985058469999999750e-04,2.391999999999999904e+00,1.776000000000000023e+00
4.985698812000000438e-04,2.391999999999999904e+00,1.784000000000000030e+00
4.986339154000000041e-04,2.391999999999999904e+00,1.768000000000000016e+00
4.986979495999999644e-04,2.391999999999999904e+00,1.776000000000000023e+00
4.987619838000000331e-04,2.391999999999999904e+00,1.768000000000000016e+00
4.988260179999999934e-04,2.391999999999999904e+00,1.776000000000000023e+00
4.988900522000000622e-04,2.391999999999999904e+00,1.776000000000000023e+00
4.989540864000000225e-04,2.391999999999999904e+00,1.792000000000000037e+00
4.990181205999999828e-04,2.391999999999999904e+00,1.784000000000000030e+00
4.990821548000000515e-04,2.391999999999999904e+00,1.784000000000000030e+00
4.991461890000000118e-04,2.391999999999999904e+00,1.784000000000000030e+00
4.992102231999999721e-04,2.391999999999999904e+00,1.768000000000000016e+00
4.992742574000000409e-04,2.391999999999999904e+00,1.768000000000000016e+00
4.993382916000000012e-04,2.391999999999999904e+00,1.776000000000000023e+00
4.994023257999999615e-04,2.391999999999999904e+00,1.784000000000000030e+00
4.994663600000000302e-04,2.391999999999999904e+00,1.784000000000000030e+00
4.995303941999999905e-04,2.391999999999999904e+00,1.792000000000000037e+00
4.995944284000000592e-04,2.391999999999999904e+00,1.776000000000000023e+00
4.996584626000000195e-04,2.391999999999999904e+00,1.784000000000000030e+00
4.997224967999999799e-04,2.391999999999999904e+00,1.784000000000000030e+00
4.997865310000000486e-04,2.391999999999999904e+00,1.768000000000000016e+00
4.998505652000000089e-04,2.391999999999999904e+00,1.784000000000000030e+00
4.999145993999999692e-04,2.391999999999999904e+00,1.792000000000000037e+00
4.999786336000000379e-04,2.391999999999999904e+00,1.608000000000000096e+00
5.000426677999999982e-04,1.247999999999999998e+00,1.552000000000000046e+00
5.001067019999999586e-04,1.264000000000000012e+00,1.752000000000000002e+00
5.001707362000000273e-04,1.247999999999999998e+00,1.872000000000000108e+00
5.002347703999999876e-04,1.239999999999999991e+00,1.800000000000000044e+00
5.002988046000000563e-04,1.247999999999999998e+00,1.664000000000000146e+00
5.003628388000000166e-04,1.256000000000000005e+00,1.687999999999999945e+00
5.004268729999999769e-04,1.256000000000000005e+00,1.792000000000000037e+00
5.004909072000000457e-04,1.256000000000000005e+00,1.800000000000000044e+00
5.005549414000000060e-04,1.247999999999999998e+00,1.743999999999999995e+00
5.006189755999999663e-04,1.247999999999999998e+00,1.695999999999999952e+00
5.006830098000000350e-04,1.256000000000000005e+00,1.727999999999999980e+00
5.007470439999999953e-04,1.256000000000000005e+00,1.760000000000000009e+00
5.008110781999999556e-04,1.247999999999999998e+00,1.760000000000000009e+00
5.008751124000000244e-04,1.256000000000000005e+00,1.735999999999999988e+00
5.009391465999999847e-04,1.256000000000000005e+00,1.719999999999999973e+00
5.010031808000000534e-04,1.256000000000000005e+00,1.727999999999999980e+00
5.010672150000000137e-04,1.256000000000000005e+00,1.752000000000000002e+00
5.011312491999999740e-04,1.256000000000000005e+00,1.752000000000000002e+00
5.011952834000000427e-04,1.256000000000000005e+00,1.727999999999999980e+00
5.012593176000000031e-04,1.256000000000000005e+00,1.735999999999999988e+00
5.013233517999999634e-04,1.256000000000000005e+00,1.735999999999999988e+00
5.013873860000000321e-04,1.256000000000000005e+00,1.752000000000000002e+00
5.014514201999999924e-04,1.264000000000000012e+00,1.735999999999999988e+00
5.015154544000000611e-04,1.256000000000000005e+00,1.719999999999999973e+00
5.015794886000000214e-04,1.256000000000000005e+00,1.727999999999999980e+00
5.016435227999999817e-04,1.264000000000000012e+00,1.727999999999999980e+00
5.017075570000000505e-04,1.256000000000000005e+00,1.743999999999999995e+00
5.017715912000000108e-04,1.256000000000000005e+00,1.727999999999999980e+00
5.018356253999999711e-04,1.256000000000000005e+00,1.743999999999999995e+00
5.018996596000000398e-04,1.264000000000000012e+00,1.735999999999999988e+00
5.019636938000000001e-04,1.256000000000000005e+00,1.743999999999999995e+00
5.020277279999999604e-04,1.256000000000000005e+00,1.727999999999999980e+00
5.020917622000000292e-04,1.264000000000000012e+00,1.735999999999999988e+00
5.021557963999999895e-04,1.264000000000000012e+00,1.727999999999999980e+00
5.022198306000000582e-04,1.256000000000000005e+00,1.727999999999999980e+00
5.022838648000000185e-04,1.264000000000000012e+00,1.735999999999999988e+00
5.023478989999999788e-04,1.264000000000000012e+00,1.727999999999999980e+00
5.024119332000000476e-04,1.264000000000000012e+00,1.719999999999999973e+00
5.024759674000000079e-04,1.264000000000000012e+00,1.727999999999999980e+00
5.025400015999999682e-04,1.264000000000000012e+00,1.727999999999999980e+00
5.026040358000000369e-04,1.256000000000000005e+00,1.727999999999999980e+00
5.026680699999999972e-04,1.264000000000000012e+00,1.743999999999999995e+00
5.027321042000000659e-04,1.264000000000000012e+00,1.727999999999999980e+00
5.027961384000000263e-04,1.264000000000000012e+00,1.727999999999999980e+00
5.028601725999999866e-04,1.264000000000000012e+00,1.727999999999999980e+00
5.029242068000000553e-04,1.264000000000000012e+00,1.711999999999999966e+00
5.029882410000000156e-04,1.264000000000000012e+00,1.727999999999999980e+00
5.030522751999999759e-04,1.264000000000000012e+00,1.727999999999999980e+00
5.031163094000000446e-04,1.264000000000000012e+00,1.727999999999999980e+00
5.031803436000000049e-04,1.264000000000000012e+00,1.719999999999999973e+00
5.032443777999999653e-04,1.264000000000000012e+00,1.727999999999999980e+00
5.033084120000000340e-04,1.264000000000000012e+00,1.719999999999999973e+00
5.033724461999999943e-04,1.264000000000000012e+00,1.711999999999999966e+00
5.034364804000000630e-04,1.264000000000000012e+00,1.727999999999999980e+00
5.035005146000000233e-04,1.264000000000000012e+00,1.743999999999999995e+00
5.035645487999999836e-04,1.264000000000000012e+00,1.719999999999999973e+00
5.036285830000000524e-04,1.264000000000000012e+00,1.719999999999999973e+00
5.036926172000000127e-04,1.272000000000000020e+00,1.711999999999999966e+00
5.037566513999999730e-04,1.264000000000000012e+00,1.719999999999999973e+00
5.038206856000000417e-04,1.264000000000000012e+00,1.727999999999999980e+00
5.038847198000000020e-04,1.264000000000000012e+00,1.703999999999999959e+00
5.039487539999999623e-04,1.264000000000000012e+00,1.703999999999999959e+00
5.040127882000000311e-04,1.264000000000000012e+00,1.719999999999999973e+00
5.040768223999999914e-04,1.264000000000000012e+00,1.752000000000000002e+00
5.041408566000000601e-04,1.264000000000000012e+00,1.719999999999999973e+00
5.042048908000000204e-04,1.264000000000000012e+00,1.687999999999999945e+00
5.042689249999999807e-04,1.264000000000000012e+00,1.703999999999999959e+00
5.043329592000000495e-04,1.264000000000000012e+00,1.727999999999999980e+00
5.043969934000000098e-04,1.264000000000000012e+00,1.735999999999999988e+00
5.044610275999999701e-04,1.264000000000000012e+00,1.711999999999999966e+00
5.045250618000000388e-04,1.264000000000000012e+00,1.711999999999999966e+00
5.045890959999999991e-04,1.264000000000000012e+00,1.719999999999999973e+00
5.046531301999999594e-04,1.264000000000000012e+00,1.719999999999999973e+00
5.047171644000000281e-04,1.264000000000000012e+00,1.703999999999999959e+00
5.047811985999999885e-04,1.264000000000000012e+00,1.711999999999999966e+00
5.048452328000000572e-04,1.264000000000000012e+00,1.703999999999999959e+00
5.049092670000000175e-04,1.264000000000000012e+00,1.719999999999999973e+00
5.049733011999999778e-04,1.272000000000000020e+00,1.719999999999999973e+00
5.050373354000000465e-04,1.264000000000000012e+00,1.719999999999999973e+00
5.051013696000000068e-04,1.264000000000000012e+00,1.711999999999999966e+00
5.051654037999999671e-04,1.264000000000000012e+00,1.711999999999999966e+00
5.052294380000000359e-04,1.264000000000000012e+00,1.711999999999999966e+00
5.052934721999999962e-04,1.264000000000000012e+00,1.695999999999999952e+00
5.053575063999999565e-04,1.264000000000000012e+00,1.703999999999999959e+00
5.054215406000000252e-04,1.264000000000000012e+00,1.703999999999999959e+00
5.054855747999999855e-04,1.264000000000000012e+00,1.703999999999999959e+00
5.055496090000000543e-04,1.264000000000000012e+00,1.711999999999999966e+00
5.056136432000000146e-04,1.264000000000000012e+00,1.703999999999999959e+00
5.056776773999999749e-04,1.264000000000000012e+00,1.703999999999999959e+00
5.057417116000000436e-04,1.256000000000000005e+00,1.727999999999999980e+00
5.058057458000000039e-04,1.264000000000000012e+00,1.679999999999999938e+00
5.058697799999999642e-04,1.264000000000000012e+00,1.695999999999999952e+00
5.059338142000000330e-04,1.264000000000000012e+00,1.719999999999999973e+00
5.059978483999999933e-04,1.264000000000000012e+00,1.711999999999999966e+00
5.060618826000000620e-04,1.264000000000000012e+00,1.711999999999999966e+00
5.061259168000000223e-04,1.264000000000000012e+00,1.687999999999999945e+00
5.061899509999999826e-04,1.256000000000000005e+00,1.695999999999999952e+00
5.062539852000000513e-04,1.264000000000000012e+00,1.703999999999999959e+00
5.063180194000000117e-04,1.256000000000000005e+00,1.711999999999999966e+00
5.063820535999999720e-04,1.264000000000000012e+00,1.703999999999999959e+00
5.064460878000000407e-04,1.256000000000000005e+00,1.703999999999999959e+00
5.065101220000000010e-04,1.264000000000000012e+00,1.695999999999999952e+00
5.065741561999999613e-04,1.264000000000000012e+00,1.703999999999999959e+00
5.066381904000000300e-04,1.264000000000000012e+00,1.703999999999999959e+00
5.067022245999999903e-04,1.256000000000000005e+00,1.703999999999999959e+00
5.067662588000000591e-04,1.256000000000000005e+00,1.711999999999999966e+00
5.068302930000000194e-04,1.264000000000000012e+00,1.695999999999999952e+00
5.068943271999999797e-04,1.264000000000000012e+00,1.695999999999999952e+00
5.069583614000000484e-04,1.264000000000000012e+00,1.695999999999999952e+00
5.070223956000000087e-04,1.264000000000000012e+00,1.687999999999999945e+00
5.070864297999999690e-04,1.256000000000000005e+00,1.695999999999999952e+00
5.071504640000000378e-04,1.264000000000000012e+00,1.695999999999999952e+00
5.072144981999999981e-04,1.256000000000000005e+00,1.711999999999999966e+00
5.072785324000000668e-04,1.256000000000000005e+00,1.695999999999999952e+00
5.073425666000000271e-04,1.256000000000000005e+00,1.711999999999999966e+00
5.074066007999999874e-04,1.264000000000000012e+00,1.687999999999999945e+00
5.074706350000000562e-04,1.264000000000000012e+00,1.679999999999999938e+00
5.075346692000000165e-04,1.264000000000000012e+00,1.679999999999999938e+00
5.075987033999999768e-04,1.264000000000000012e+00,1.703999999999999959e+00
5.076627376000000455e-04,1.256000000000000005e+00,1.687999999999999945e+00
5.077267718000000058e-04,1.256000000000000005e+00,1.687999999999999945e+00
5.077908059999999661e-04,1.256000000000000005e+00,1.695999999999999952e+00
5.078548402000000348e-04,1.256000000000000005e+00,1.687999999999999945e+00
5.079188743999999952e-04,1.264000000000000012e+00,1.703999999999999959e+00
5.079829086000000639e-04,1.256000000000000005e+00,1.687999999999999945e+00
5.080469428000000242e-04,1.256000000000000005e+00,1.687999999999999945e+00
5.081109769999999845e-04,1.256000000000000005e+00,1.703999999999999959e+00
5.081750112000000532e-04,1.256000000000000005e+00,1.695999999999999952e+00
5.082390454000000135e-04,1.256000000000000005e+00,1.679999999999999938e+00
5.083030795999999739e-04,1.256000000000000005e+00,1.679999999999999938e+00
5.083671138000000426e-04,1.256000000000000005e+00,1.679999999999999938e+00
5.084311480000000029e-04,1.256000000000000005e+00,1.671999999999999931e+00
5.084951821999999632e-04,1.256000000000000005e+00,1.695999999999999952e+00
5.085592164000000319e-04,1.256000000000000005e+00,1.695999999999999952e+00
5.086232505999999922e-04,1.256000000000000005e+00,1.695999999999999952e+00
5.086872848000000610e-04,1.256000000000000005e+00,1.687999999999999945e+00
5.087513190000000213e-04,1.256000000000000005e+00,1.695999999999999952e+00
5.088153531999999816e-04,1.256000000000000005e+00,1.671999999999999931e+00
5.088793874000000503e-04,1.264000000000000012e+00,1.679999999999999938e+00
5.089434216000000106e-04,1.256000000000000005e+00,1.679999999999999938e+00
5.090074557999999709e-04,1.256000000000000005e+00,1.679999999999999938e+00
5.090714900000000397e-04,1.256000000000000005e+00,1.679999999999999938e+00
5.091355242000000000e-04,1.264000000000000012e+00,1.687999999999999945e+00
5.091995583999999603e-04,1.256000000000000005e+00,1.679999999999999938e+00
5.092635926000000290e-04,1.256000000000000005e+00,1.671999999999999931e+00
5.093276267999999893e-04,1.256000000000000005e+00,1.679999999999999938e+00
5.093916610000000580e-04,1.256000000000000005e+00,1.679999999999999938e+00
5.094556952000000184e-04,1.256000000000000005e+00,1.671999999999999931e+00
5.095197293999999787e-04,1.256000000000000005e+00,1.687999999999999945e+00
5.095837636000000474e-04,1.256000000000000005e+00,1.671999999999999931e+00
5.096477978000000077e-04,1.256000000000000005e+00,1.687999999999999945e+00
5.097118319999999680e-04,1.256000000000000005e+00,1.679999999999999938e+00
5.097758662000000367e-04,1.256000000000000005e+00,1.664000000000000146e+00
5.098399003999999970e-04,1.256000000000000005e+00,1.664000000000000146e+00
5.099039345999999574e-04,1.256000000000000005e+00,1.671999999999999931e+00
5.099679688000000261e-04,1.256000000000000005e+00,1.679999999999999938e+00
5.100320029999999864e-04,1.256000000000000005e+00,1.679999999999999938e+00
5.100960372000000551e-04,1.247999999999999998e+00,1.656000000000000139e+00
5.101600714000000154e-04,1.256000000000000005e+00,1.671999999999999931e+00
5.102241055999999757e-04,1.256000000000000005e+00,1.679999999999999938e+00
5.102881398000000445e-04,1.256000000000000005e+00,1.671999999999999931e+00
5.103521740000000048e-04,1.256000000000000005e+00,1.671999999999999931e+00
5.104162081999999651e-04,1.256000000000000005e+00,1.671999999999999931e+00
5.104802424000000338e-04,1.256000000000000005e+00,1.687999999999999945e+00
5.105442765999999941e-04,1.247999999999999998e+00,1.671999999999999931e+00
5.106083108000000629e-04,1.256000000000000005e+00,1.648000000000000131e+00
5.106723450000000232e-04,1.256000000000000005e+00,1.664000000000000146e+00
5.107363791999999835e-04,1.256000000000000005e+00,1.664000000000000146e+00
5.108004134000000522e-04,1.256000000000000005e+00,1.679999999999999938e+00
5.108644476000000125e-04,1.256000000000000005e+00,1.664000000000000146e+00
5.109284817999999728e-04,1.256000000000000005e+00,1.664000000000000146e+00
5.109925160000000416e-04,1.247999999999999998e+00,1.679999999999999938e+00
5.110565502000000019e-04,1.256000000000000005e+00,1.671999999999999931e+00
5.111205843999999622e-04,1.247999999999999998e+00,1.648000000000000131e+00
5.111846186000000309e-04,1.256000000000000005e+00,1.671999999999999931e+00
5.112486527999999912e-04,1.247999999999999998e+00,1.656000000000000139e+00
5.113126870000000599e-04,1.256000000000000005e+00,1.656000000000000139e+00
5.113767212000000202e-04,1.256000000000000005e+00,1.664000000000000146e+00
5.114407553999999806e-04,1.247999999999999998e+00,1.664000000000000146e+00
5.115047896000000493e-04,1.247999999999999998e+00,1.671999999999999931e+00
5.115688238000000096e-04,1.239999999999999991e+00,1.656000000000000139e+00
5.116328579999999699e-04,1.256000000000000005e+00,1.656000000000000139e+00
5.116968922000000386e-04,1.247999999999999998e+00,1.671999999999999931e+00
5.117609263999999989e-04,1.256000000000000005e+00,1.664000000000000146e+00
5.118249606000000677e-04,1.247999999999999998e+00,1.656000000000000139e+00
5.118889948000000280e-04,1.247999999999999998e+00,1.664000000000000146e+00
5.119530289999999883e-04,1.247999999999999998e+00,1.648000000000000131e+00
5.120170632000000570e-04,1.247999999999999998e+00,1.640000000000000124e+00
5.120810974000000173e-04,1.256000000000000005e+00,1.624000000000000110e+00
5.121451315999999776e-04,1.247999999999999998e+00,1.656000000000000139e+00
5.122091658000000464e-04,1.247999999999999998e+00,1.656000000000000139e+00
5.122732000000000067e-04,1.247999999999999998e+00,1.664000000000000146e+00
5.123372341999999670e-04,1.247999999999999998e+00,1.656000000000000139e+00
5.124012684000000357e-04,1.247999999999999998e+00,1.656000000000000139e+00
5.124653025999999960e-04,1.239999999999999991e+00,1.648000000000000131e+00
5.125293368000000647e-04,1.239999999999999991e+00,1.648000000000000131e+00
5.125933710000000251e-04,1.247999999999999998e+00,1.656000000000000139e+00
5.126574051999999854e-04,1.247999999999999998e+00,1.648000000000000131e+00
5.127214394000000541e-04,1.247999999999999998e+00,1.640000000000000124e+00
5.127854736000000144e-04,1.247999999999999998e+00,1.648000000000000131e+00
5.128495077999999747e-04,1.247999999999999998e+00,1.648000000000000131e+00
5.129135420000000434e-04,1.247999999999999998e+00,1.640000000000000124e+00
5.129775762000000038e-04,1.247999999999999998e+00,1.640000000000000124e+00
5.130416103999999641e-04,1.247999999999999998e+00,1.640000000000000124e+00
5.131056446000000328e-04,1.231999999999999984e+00,1.640000000000000124e+00
5.131696787999999931e-04,1.239999999999999991e+00,1.648000000000000131e+00
5.132337130000000618e-04,1.247999999999999998e+00,1.648000000000000131e+00
5.132977472000000221e-04,1.247999999999999998e+00,1.640000000000000124e+00
5.133617813999999824e-04,1.239999999999999991e+00,1.632000000000000117e+00
5.134258156000000512e-04,1.239999999999999991e+00,1.648000000000000131e+00
5.134898498000000115e-04,1.247999999999999998e+00,1.624000000000000110e+00
5.135538839999999718e-04,1.239999999999999991e+00,1.632000000000000117e+00
5.136179182000000405e-04,1.247999999999999998e+00,1.640000000000000124e+00
5.136819524000000008e-04,1.239999999999999991e+00,1.632000000000000117e+00
5.137459865999999611e-04,1.239999999999999991e+00,1.640000000000000124e+00
5.138100208000000299e-04,1.239999999999999991e+00,1.640000000000000124e+00
5.138740549999999902e-04,1.239999999999999991e+00,1.632000000000000117e+00
5.139380892000000589e-04,1.231999999999999984e+00,1.624000000000000110e+00
5.140021234000000192e-04,1.239999999999999991e+00,1.640000000000000124e+00
5.140661575999999795e-04,1.239999999999999991e+00,1.632000000000000117e+00
5.141301918000000483e-04,1.239999999999999991e+00,1.640000000000000124e+00
5.141942260000000086e-04,1.239999999999999991e+00,1.624000000000000110e+00
5.142582601999999689e-04,1.239999999999999991e+00,1.624000000000000110e+00
5.143222944000000376e-04,1.239999999999999991e+00,1.624000000000000110e+00
5.143863285999999979e-04,1.239999999999999991e+00,1.616000000000000103e+00
5.144503627999999582e-04,1.239999999999999991e+00,1.624000000000000110e+00
5.145143970000000270e-04,1.239999999999999991e+00,1.624000000000000110e+00
5.145784311999999873e-04,1.239999999999999991e+00,1.640000000000000124e+00
5.146424654000000560e-04,1.239999999999999991e+00,1.640000000000000124e+00
5.147064996000000163e-04,1.231999999999999984e+00,1.632000000000000117e+00
5.147705337999999766e-04,1.239999999999999991e+00,1.616000000000000103e+00
5.148345680000000453e-04,1.239999999999999991e+00,1.624000000000000110e+00
5.148986022000000056e-04,1.239999999999999991e+00,1.616000000000000103e+00
5.149626363999999660e-04,1.239999999999999991e+00,1.632000000000000117e+00
5.150266706000000347e-04,1.231999999999999984e+00,1.616000000000000103e+00
5.150907047999999950e-04,1.231999999999999984e+00,1.616000000000000103e+00
5.151547389999999553e-04,1.231999999999999984e+00,1.624000000000000110e+00
5.152187732000000240e-04,1.239999999999999991e+00,1.608000000000000096e+00
5.152828073999999843e-04,1.239999999999999991e+00,1.616000000000000103e+00
5.153468416000000531e-04,1.231999999999999984e+00,1.624000000000000110e+00
5.154108758000000134e-04,1.231999999999999984e+00,1.624000000000000110e+00
5.154749099999999737e-04,1.231999999999999984e+00,1.616000000000000103e+00
5.155389442000000424e-04,1.239999999999999991e+00,1.608000000000000096e+00
5.156029784000000027e-04,1.231999999999999984e+00,1.616000000000000103e+00
5.156670125999999630e-04,1.231999999999999984e+00,1.600000000000000089e+00
5.157310468000000318e-04,1.231999999999999984e+00,1.600000000000000089e+00
5.157950809999999921e-04,1.231999999999999984e+00,1.608000000000000096e+00
5.158591152000000608e-04,1.239999999999999991e+00,1.616000000000000103e+00
5.159231494000000211e-04,1.231999999999999984e+00,1.600000000000000089e+00
5.159871835999999814e-04,1.223999999999999977e+00,1.608000000000000096e+00
5.160512178000000501e-04,1.223999999999999977e+00,1.600000000000000089e+00
5.161152520000000105e-04,1.231999999999999984e+00,1.608000000000000096e+00
5.161792861999999708e-04,1.231999999999999984e+00,1.608000000000000096e+00
5.162433204000000395e-04,1.231999999999999984e+00,1.592000000000000082e+00
5.163073545999999998e-04,1.223999999999999977e+00,1.592000000000000082e+00
5.163713888000000685e-04,1.231999999999999984e+00,1.608000000000000096e+00
5.164354230000000288e-04,1.231999999999999984e+00,1.608000000000000096e+00
5.164994571999999892e-04,1.231999999999999984e+00,1.592000000000000082e+00
5.165634914000000579e-04,1.231999999999999984e+00,1.584000000000000075e+00
5.166275256000000182e-04,1.223999999999999977e+00,1.584000000000000075e+00
5.166915597999999785e-04,1.223999999999999977e+00,1.592000000000000082e+00
5.167555940000000472e-04,1.231999999999999984e+00,1.592000000000000082e+00
5.168196282000000075e-04,1.223999999999999977e+00,1.584000000000000075e+00
5.168836623999999678e-04,1.223999999999999977e+00,1.600000000000000089e+00
5.169476966000000366e-04,1.223999999999999977e+00,1.592000000000000082e+00
5.170117307999999969e-04,1.223999999999999977e+00,1.592000000000000082e+00
5.170757650000000656e-04,1.223999999999999977e+00,1.576000000000000068e+00
5.171397992000000259e-04,1.231999999999999984e+00,1.584000000000000075e+00
5.172038333999999862e-04,1.223999999999999977e+00,1.576000000000000068e+00
5.172678676000000550e-04,1.223999999999999977e+00,1.568000000000000060e+00
5.173319018000000153e-04,1.223999999999999977e+00,1.584000000000000075e+00
5.173959359999999756e-04,1.223999999999999977e+00,1.592000000000000082e+00
5.174599702000000443e-04,1.223999999999999977e+00,1.568000000000000060e+00
5.175240044000000046e-04,1.223999999999999977e+00,1.584000000000000075e+00
5.175880385999999649e-04,1.215999999999999970e+00,1.576000000000000068e+00
5.176520728000000337e-04,1.223999999999999977e+00,1.576000000000000068e+00
5.177161069999999940e-04,1.215999999999999970e+00,1.584000000000000075e+00
5.177801412000000627e-04,1.223999999999999977e+00,1.568000000000000060e+00
5.178441754000000230e-04,1.223999999999999977e+00,1.568000000000000060e+00
5.179082095999999833e-04,1.223999999999999977e+00,1.576000000000000068e+00
5.179722438000000520e-04,1.215999999999999970e+00,1.552000000000000046e+00
5.180362780000000123e-04,1.215999999999999970e+00,1.552000000000000046e+00
5.181003121999999727e-04,1.215999999999999970e+00,1.552000000000000046e+00
5.181643464000000414e-04,1.215999999999999970e+00,1.560000000000000053e+00
5.182283806000000017e-04,1.207999999999999963e+00,1.568000000000000060e+00
5.182924147999999620e-04,1.215999999999999970e+00,1.560000000000000053e+00
5.183564490000000307e-04,1.207999999999999963e+00,1.552000000000000046e+00
5.184204831999999910e-04,1.215999999999999970e+00,1.552000000000000046e+00
5.184845174000000598e-04,1.215999999999999970e+00,1.552000000000000046e+00
5.185485516000000201e-04,1.207999999999999963e+00,1.544000000000000039e+00
5.186125857999999804e-04,1.207999999999999963e+00,1.528000000000000025e+00
5.186766200000000491e-04,1.215999999999999970e+00,1.544000000000000039e+00
5.187406542000000094e-04,1.207999999999999963e+00,1.536000000000000032e+00
5.188046883999999697e-04,1.207999999999999963e+00,1.544000000000000039e+00
5.188687226000000385e-04,1.199999999999999956e+00,1.528000000000000025e+00
5.189327567999999988e-04,1.207999999999999963e+00,1.528000000000000025e+00
5.189967909999999591e-04,1.207999999999999963e+00,1.528000000000000025e+00
5.190608252000000278e-04,1.207999999999999963e+00,1.544000000000000039e+00
5.191248593999999881e-04,1.207999999999999963e+00,1.520000000000000018e+00
5.191888936000000569e-04,1.199999999999999956e+00,1.520000000000000018e+00
5.192529278000000172e-04,1.207999999999999963e+00,1.528000000000000025e+00
5.193169619999999775e-04,1.199999999999999956e+00,1.520000000000000018e+00
5.193809962000000462e-04,1.199999999999999956e+00,1.504000000000000004e+00
5.194450304000000065e-04,1.199999999999999956e+00,1.512000000000000011e+00
5.195090645999999668e-04,1.199999999999999956e+00,1.504000000000000004e+00
5.195730988000000355e-04,1.191999999999999948e+00,1.504000000000000004e+00
5.196371329999999959e-04,1.199999999999999956e+00,1.504000000000000004e+00
5.197011671999999562e-04,1.191999999999999948e+00,1.495999999999999996e+00
5.197652014000000249e-04,1.191999999999999948e+00,1.495999999999999996e+00
5.198292355999999852e-04,1.191999999999999948e+00,1.495999999999999996e+00
5.198932698000000539e-04,1.191999999999999948e+00,1.479999999999999982e+00
5.199573040000000142e-04,1.191999999999999948e+00,1.487999999999999989e+00
5.200213381999999745e-04,1.191999999999999948e+00,1.471999999999999975e+00
5.200853724000000433e-04,1.183999999999999941e+00,1.479999999999999982e+00
5.201494066000000036e-04,1.183999999999999941e+00,1.455999999999999961e+00
5.202134407999999639e-04,1.183999999999999941e+00,1.455999999999999961e+00
5.202774750000000326e-04,1.183999999999999941e+00,1.447999999999999954e+00
5.203415091999999929e-04,1.183999999999999941e+00,1.439999999999999947e+00
5.204055434000000617e-04,1.175999999999999934e+00,1.423999999999999932e+00
5.204695776000000220e-04,1.167999999999999927e+00,1.431999999999999940e+00
5.205336117999999823e-04,1.167999999999999927e+00,1.423999999999999932e+00
5.205976460000000510e-04,1.159999999999999920e+00,1.415999999999999925e+00
5.206616802000000113e-04,1.159999999999999920e+00,1.400000000000000133e+00
5.207257143999999716e-04,1.159999999999999920e+00,1.368000000000000105e+00
5.207897486000000404e-04,1.159999999999999920e+00,1.360000000000000098e+00
5.208537828000000007e-04,1.144000000000000128e+00,1.344000000000000083e+00
5.209178169999999610e-04,1.136000000000000121e+00,1.320000000000000062e+00
5.209818512000000297e-04,1.136000000000000121e+00,1.304000000000000048e+00
5.210458853999999900e-04,1.128000000000000114e+00,1.288000000000000034e+00
5.211099196000000587e-04,1.120000000000000107e+00,1.280000000000000027e+00
5.211739538000000191e-04,1.112000000000000099e+00,1.247999999999999998e+00
5.212379879999999794e-04,1.112000000000000099e+00,1.247999999999999998e+00
5.213020222000000481e-04,1.104000000000000092e+00,1.231999999999999984e+00
5.213660564000000084e-04,1.104000000000000092e+00,1.231999999999999984e+00
5.214300905999999687e-04,1.096000000000000085e+00,1.215999999999999970e+00
5.214941248000000374e-04,1.096000000000000085e+00,1.215999999999999970e+00
5.215581589999999977e-04,1.096000000000000085e+00,1.191999999999999948e+00
5.216221932000000665e-04,1.088000000000000078e+00,1.199999999999999956e+00
5.216862274000000268e-04,1.088000000000000078e+00,1.175999999999999934e+00
5.217502615999999871e-04,1.088000000000000078e+00,1.167999999999999927e+00
5.218142958000000558e-04,1.088000000000000078e+00,1.175999999999999934e+00
5.218783300000000161e-04,1.080000000000000071e+00,1.175999999999999934e+00
5.219423641999999764e-04,1.088000000000000078e+00,1.167999999999999927e+00
5.220063984000000452e-04,1.080000000000000071e+00,1.167999999999999927e+00
5.220704326000000055e-04,1.072000000000000064e+00,1.159999999999999920e+00
5.221344667999999658e-04,1.072000000000000064e+00,1.152000000000000135e+00
5.221985010000000345e-04,1.080000000000000071e+00,1.144000000000000128e+00
5.222625351999999948e-04,1.072000000000000064e+00,1.144000000000000128e+00
5.223265694000000636e-04,1.072000000000000064e+00,1.136000000000000121e+00
5.223906036000000239e-04,1.064000000000000057e+00,1.136000000000000121e+00
5.224546377999999842e-04,1.072000000000000064e+00,1.120000000000000107e+00
5.225186720000000529e-04,1.072000000000000064e+00,1.128000000000000114e+00
5.225827062000000132e-04,1.072000000000000064e+00,1.128000000000000114e+00
5.226467403999999735e-04,1.072000000000000064e+00,1.136000000000000121e+00
5.227107746000000423e-04,1.064000000000000057e+00,1.112000000000000099e+00
5.227748088000000026e-04,1.072000000000000064e+00,1.120000000000000107e+00
5.228388429999999629e-04,1.064000000000000057e+00,1.120000000000000107e+00
5.229028772000000316e-04,1.064000000000000057e+00,1.112000000000000099e+00
5.229669113999999919e-04,1.064000000000000057e+00,1.112000000000000099e+00
5.230309456000000606e-04,1.064000000000000057e+00,1.104000000000000092e+00
5.230949798000000209e-04,1.056000000000000050e+00,1.104000000000000092e+00
5.231590139999999813e-04,1.064000000000000057e+00,1.096000000000000085e+00
5.232230482000000500e-04,1.056000000000000050e+00,1.104000000000000092e+00
5.232870824000000103e-04,1.056000000000000050e+00,1.104000000000000092e+00
5.233511165999999706e-04,1.056000000000000050e+00,1.096000000000000085e+00
5.234151508000000393e-04,1.056000000000000050e+00,1.096000000000000085e+00
5.234791849999999996e-04,1.056000000000000050e+00,1.088000000000000078e+00
5.235432191999999599e-04,1.056000000000000050e+00,1.104000000000000092e+00
5.236072534000000287e-04,1.056000000000000050e+00,1.088000000000000078e+00
5.236712875999999890e-04,1.048000000000000043e+00,1.080000000000000071e+00
5.237353218000000577e-04,1.056000000000000050e+00,1.088000000000000078e+00
5.237993560000000180e-04,1.056000000000000050e+00,1.088000000000000078e+00
5.238633901999999783e-04,1.056000000000000050e+00,1.080000000000000071e+00
5.239274244000000471e-04,1.056000000000000050e+00,1.088000000000000078e+00
5.239914586000000074e-04,1.048000000000000043e+00,1.072000000000000064e+00
5.240554927999999677e-04,1.056000000000000050e+00,1.080000000000000071e+00
5.241195270000000364e-04,1.048000000000000043e+00,1.080000000000000071e+00
5.241835611999999967e-04,1.048000000000000043e+00,1.080000000000000071e+00
5.242475953999999570e-04,1.048000000000000043e+00,1.080000000000000071e+00
5.243116296000000258e-04,1.048000000000000043e+00,1.080000000000000071e+00
5.243756637999999861e-04,1.056000000000000050e+00,1.080000000000000071e+00
5.244396980000000548e-04,1.048000000000000043e+00,1.064000000000000057e+00
5.245037322000000151e-04,1.048000000000000043e+00,1.064000000000000057e+00
5.245677663999999754e-04,1.048000000000000043e+00,1.072000000000000064e+00
5.246318006000000441e-04,1.048000000000000043e+00,1.072000000000000064e+00
5.246958348000000045e-04,1.048000000000000043e+00,1.072000000000000064e+00
5.247598689999999648e-04,1.048000000000000043e+00,1.072000000000000064e+00
5.248239032000000335e-04,1.048000000000000043e+00,1.064000000000000057e+00
5.248879373999999938e-04,1.048000000000000043e+00,1.072000000000000064e+00
5.249519715999999541e-04,1.048000000000000043e+00,1.064000000000000057e+00
5.250160058000000228e-04,1.040000000000000036e+00,1.064000000000000057e+00
5.250800399999999831e-04,1.048000000000000043e+00,1.072000000000000064e+00
5.251440742000000519e-04,1.048000000000000043e+00,1.064000000000000057e+00
5.252081084000000122e-04,1.048000000000000043e+00,1.064000000000000057e+00
5.252721425999999725e-04,1.040000000000000036e+00,1.056000000000000050e+00
5.253361768000000412e-04,1.040000000000000036e+00,1.048000000000000043e+00
5.254002110000000015e-04,1.048000000000000043e+00,1.056000000000000050e+00
5.254642451999999618e-04,1.048000000000000043e+00,1.064000000000000057e+00
5.255282794000000306e-04,1.048000000000000043e+00,1.064000000000000057e+00
5.255923135999999909e-04,1.040000000000000036e+00,1.064000000000000057e+00
5.256563478000000596e-04,1.040000000000000036e+00,1.064000000000000057e+00
5.257203820000000199e-04,1.048000000000000043e+00,1.064000000000000057e+00
5.257844161999999802e-04,1.040000000000000036e+00,1.056000000000000050e+00
5.258484504000000490e-04,1.040000000000000036e+00,1.056000000000000050e+00
5.259124846000000093e-04,1.040000000000000036e+00,1.056000000000000050e+00
5.259765187999999696e-04,1.048000000000000043e+00,1.056000000000000050e+00
5.260405530000000383e-04,1.040000000000000036e+00,1.048000000000000043e+00
5.261045871999999986e-04,1.048000000000000043e+00,1.056000000000000050e+00
5.261686214000000673e-04,1.040000000000000036e+00,1.064000000000000057e+00
5.262326556000000276e-04,1.040000000000000036e+00,1.040000000000000036e+00
5.262966897999999880e-04,1.048000000000000043e+00,1.056000000000000050e+00
5.263607240000000567e-04,1.048000000000000043e+00,1.048000000000000043e+00
5.264247582000000170e-04,1.040000000000000036e+00,1.064000000000000057e+00
5.264887923999999773e-04,1.040000000000000036e+00,1.064000000000000057e+00
5.265528266000000460e-04,1.040000000000000036e+00,1.056000000000000050e+00
5.266168608000000063e-04,1.040000000000000036e+00,1.048000000000000043e+00
5.266808949999999667e-04,1.040000000000000036e+00,1.056000000000000050e+00
5.267449292000000354e-04,1.048000000000000043e+00,1.056000000000000050e+00
5.268089633999999957e-04,1.040000000000000036e+00,1.048000000000000043e+00
5.268729976000000644e-04,1.040000000000000036e+00,1.048000000000000043e+00
5.269370318000000247e-04,1.040000000000000036e+00,1.048000000000000043e+00
5.270010659999999850e-04,1.040000000000000036e+00,1.056000000000000050e+00
5.270651002000000538e-04,1.040000000000000036e+00,1.048000000000000043e+00
5.271291344000000141e-04,1.040000000000000036e+00,1.056000000000000050e+00
5.271931685999999744e-04,1.040000000000000036e+00,1.048000000000000043e+00
5.272572028000000431e-04,1.040000000000000036e+00,1.048000000000000043e+00
5.273212370000000034e-04,1.040000000000000036e+00,1.056000000000000050e+00
5.273852711999999637e-04,1.040000000000000036e+00,1.040000000000000036e+00
5.274493054000000325e-04,1.040000000000000036e+00,1.056000000000000050e+00
5.275133395999999928e-04,1.040000000000000036e+00,1.048000000000000043e+00
5.275773738000000615e-04,1.040000000000000036e+00,1.040000000000000036e+00
5.276414080000000218e-04,1.040000000000000036e+00,1.040000000000000036e+00
5.277054421999999821e-04,1.048000000000000043e+00,1.048000000000000043e+00
5.277694764000000508e-04,1.040000000000000036e+00,1.040000000000000036e+00
5.278335106000000112e-04,1.040000000000000036e+00,1.048000000000000043e+00
5.278975447999999715e-04,1.040000000000000036e+00,1.056000000000000050e+00
5.279615790000000402e-04,1.040000000000000036e+00,1.056000000000000050e+00
5.280256132000000005e-04,1.040000000000000036e+00,1.056000000000000050e+00
5.280896473999999608e-04,1.040000000000000036e+00,1.040000000000000036e+00
5.281536816000000295e-04,1.032000000000000028e+00,1.040000000000000036e+00
5.282177157999999898e-04,1.040000000000000036e+00,1.048000000000000043e+00
5.282817500000000586e-04,1.040000000000000036e+00,1.048000000000000043e+00
5.283457842000000189e-04,1.040000000000000036e+00,1.048000000000000043e+00
5.284098183999999792e-04,1.048000000000000043e+00,1.048000000000000043e+00
5.284738526000000479e-04,1.040000000000000036e+00,1.056000000000000050e+00
5.285378868000000082e-04,1.040000000000000036e+00,1.048000000000000043e+00
5.286019209999999685e-04,1.040000000000000036e+00,1.048000000000000043e+00
5.286659552000000373e-04,1.040000000000000036e+00,1.048000000000000043e+00
5.287299893999999976e-04,1.040000000000000036e+00,1.056000000000000050e+00
5.287940235999999579e-04,1.032000000000000028e+00,1.048000000000000043e+00
5.288580578000000266e-04,1.032000000000000028e+00,1.056000000000000050e+00
5.289220919999999869e-04,1.040000000000000036e+00,1.040000000000000036e+00
5.289861262000000557e-04,1.040000000000000036e+00,1.048000000000000043e+00
5.290501604000000160e-04,1.040000000000000036e+00,1.040000000000000036e+00
5.291141945999999763e-04,1.040000000000000036e+00,1.032000000000000028e+00
5.291782288000000450e-04,1.032000000000000028e+00,1.048000000000000043e+00
5.292422630000000053e-04,1.040000000000000036e+00,1.048000000000000043e+00
5.293062971999999656e-04,1.040000000000000036e+00,1.048000000000000043e+00
5.293703314000000344e-04,1.040000000000000036e+00,1.040000000000000036e+00
5.294343655999999947e-04,1.040000000000000036e+00,1.056000000000000050e+00
5.294983997999999550e-04,1.040000000000000036e+00,1.040000000000000036e+00
5.295624340000000237e-04,1.040000000000000036e+00,1.040000000000000036e+00
5.296264681999999840e-04,1.040000000000000036e+00,1.048000000000000043e+00
5.296905024000000527e-04,1.032000000000000028e+00,1.040000000000000036e+00
5.297545366000000130e-04,1.040000000000000036e+00,1.056000000000000050e+00
5.298185707999999734e-04,1.040000000000000036e+00,1.040000000000000036e+00
5.298826050000000421e-04,1.040000000000000036e+00,1.040000000000000036e+00
5.299466392000000024e-04,1.032000000000000028e+00,1.040000000000000036e+00
5.300106733999999627e-04,1.040000000000000036e+00,1.048000000000000043e+00
5.300747076000000314e-04,1.032000000000000028e+00,1.040000000000000036e+00
5.301387417999999917e-04,1.040000000000000036e+00,1.048000000000000043e+00
5.302027760000000605e-04,1.032000000000000028e+00,1.048000000000000043e+00
5.302668102000000208e-04,1.040000000000000036e+00,1.056000000000000050e+00
5.303308443999999811e-04,1.040000000000000036e+00,1.040000000000000036e+00
5.303948786000000498e-04,1.032000000000000028e+00,1.048000000000000043e+00
5.304589128000000101e-04,1.032000000000000028e+00,1.040000000000000036e+00
5.305229469999999704e-04,1.040000000000000036e+00,1.040000000000000036e+00
5.305869812000000392e-04,1.032000000000000028e+00,1.048000000000000043e+00
5.306510153999999995e-04,1.040000000000000036e+00,1.040000000000000036e+00
5.307150496000000682e-04,1.032000000000000028e+00,1.040000000000000036e+00
5.307790838000000285e-04,1.032000000000000028e+00,1.048000000000000043e+00
5.308431179999999888e-04,1.040000000000000036e+00,1.048000000000000043e+00
5.309071522000000576e-04,1.040000000000000036e+00,1.040000000000000036e+00
5.309711864000000179e-04,1.040000000000000036e+00,1.048000000000000043e+00
5.310352205999999782e-04,1.040000000000000036e+00,1.048000000000000043e+00
5.310992548000000469e-04,1.040000000000000036e+00,1.048000000000000043e+00
5.311632890000000072e-04,1.040000000000000036e+00,1.040000000000000036e+00
5.312273231999999675e-04,1.040000000000000036e+00,1.040000000000000036e+00
5.312913574000000362e-04,1.040000000000000036e+00,1.040000000000000036e+00
5.313553915999999966e-04,1.032000000000000028e+00,1.024000000000000021e+00
5.314194258000000653e-04,1.040000000000000036e+00,1.040000000000000036e+00
5.314834600000000256e-04,1.032000000000000028e+00,1.032000000000000028e+00
5.315474941999999859e-04,1.040000000000000036e+00,1.048000000000000043e+00
5.316115284000000546e-04,1.040000000000000036e+00,1.048000000000000043e+00
5.316755626000000149e-04,1.032000000000000028e+00,1.048000000000000043e+00
5.317395967999999752e-04,1.032000000000000028e+00,1.040000000000000036e+00
5.318036310000000440e-04,1.040000000000000036e+00,1.048000000000000043e+00
5.318676652000000043e-04,1.032000000000000028e+00,1.040000000000000036e+00
5.319316993999999646e-04,1.032000000000000028e+00,1.040000000000000036e+00
5.319957336000000333e-04,1.032000000000000028e+00,1.040000000000000036e+00
5.320597677999999936e-04,1.040000000000000036e+00,1.048000000000000043e+00
5.321238020000000624e-04,1.040000000000000036e+00,1.040000000000000036e+00
5.321878362000000227e-04,1.032000000000000028e+00,1.040000000000000036e+00
5.322518703999999830e-04,1.040000000000000036e+00,1.032000000000000028e+00
5.323159046000000517e-04,1.032000000000000028e+00,1.040000000000000036e+00
5.323799388000000120e-04,1.032000000000000028e+00,1.048000000000000043e+00
5.324439729999999723e-04,1.040000000000000036e+00,1.040000000000000036e+00
5.325080072000000411e-04,1.032000000000000028e+00,1.040000000000000036e+00
5.325720414000000014e-04,1.032000000000000028e+00,1.056000000000000050e+00
5.326360755999999617e-04,1.040000000000000036e+00,1.040000000000000036e+00
5.327001098000000304e-04,1.032000000000000028e+00,1.032000000000000028e+00
5.327641439999999907e-04,1.040000000000000036e+00,1.040000000000000036e+00
5.328281782000000594e-04,1.040000000000000036e+00,1.048000000000000043e+00
5.328922124000000198e-04,1.040000000000000036e+00,1.040000000000000036e+00
5.329562465999999801e-04,1.040000000000000036e+00,1.040000000000000036e+00
5.330202808000000488e-04,1.040000000000000036e+00,1.040000000000000036e+00
5.330843150000000091e-04,1.040000000000000036e+00,1.040000000000000036e+00
5.331483491999999694e-04,1.040000000000000036e+00,1.040000000000000036e+00
5.332123834000000381e-04,1.040000000000000036e+00,1.040000000000000036e+00
5.332764175999999984e-04,1.032000000000000028e+00,1.040000000000000036e+00
5.333404517999999588e-04,1.040000000000000036e+00,1.048000000000000043e+00
5.334044860000000275e-04,1.032000000000000028e+00,1.040000000000000036e+00
5.334685201999999878e-04,1.040000000000000036e+00,1.048000000000000043e+00
5.335325544000000565e-04,1.040000000000000036e+00,1.048000000000000043e+00
5.335965886000000168e-04,1.032000000000000028e+00,1.032000000000000028e+00
5.336606227999999771e-04,1.032000000000000028e+00,1.032000000000000028e+00
5.337246570000000459e-04,1.040000000000000036e+00,1.040000000000000036e+00
5.337886912000000062e-04,1.032000000000000028e+00,1.032000000000000028e+00
5.338527253999999665e-04,1.040000000000000036e+00,1.048000000000000043e+00
5.339167596000000352e-04,1.032000000000000028e+00,1.048000000000000043e+00
5.339807937999999955e-04,1.032000000000000028e+00,1.048000000000000043e+00
5.340448279999999558e-04,1.032000000000000028e+00,1.040000000000000036e+00
5.341088622000000246e-04,1.040000000000000036e+00,1.048000000000000043e+00
5.341728963999999849e-04,1.032000000000000028e+00,1.040000000000000036e+00
5.342369306000000536e-04,1.040000000000000036e+00,1.040000000000000036e+00
5.343009648000000139e-04,1.032000000000000028e+00,1.032000000000000028e+00
5.343649989999999742e-04,1.040000000000000036e+00,1.048000000000000043e+00
5.344290332000000429e-04,1.040000000000000036e+00,1.040000000000000036e+00
5.344930674000000033e-04,1.040000000000000036e+00,1.040000000000000036e+00
5.345571015999999636e-04,1.032000000000000028e+00,1.032000000000000028e+00
5.346211358000000323e-04,1.032000000000000028e+00,1.032000000000000028e+00
5.346851699999999926e-04,1.032000000000000028e+00,1.048000000000000043e+00
5.347492042000000613e-04,1.040000000000000036e+00,1.048000000000000043e+00
5.348132384000000216e-04,1.040000000000000036e+00,1.040000000000000036e+00
5.348772725999999820e-04,1.032000000000000028e+00,1.048000000000000043e+00
5.349413068000000507e-04,1.040000000000000036e+00,1.040000000000000036e+00
5.350053410000000110e-04,1.032000000000000028e+00,1.040000000000000036e+00
5.350693751999999713e-04,1.032000000000000028e+00,1.032000000000000028e+00
5.351334094000000400e-04,1.040000000000000036e+00,1.032000000000000028e+00
5.351974436000000003e-04,1.032000000000000028e+00,1.040000000000000036e+00
5.352614778000000691e-04,1.032000000000000028e+00,1.048000000000000043e+00
5.353255120000000294e-04,1.032000000000000028e+00,1.040000000000000036e+00
5.353895461999999897e-04,1.032000000000000028e+00,1.048000000000000043e+00
5.354535804000000584e-04,1.040000000000000036e+00,1.040000000000000036e+00
5.355176146000000187e-04,1.032000000000000028e+00,1.048000000000000043e+00
5.355816487999999790e-04,1.032000000000000028e+00,1.032000000000000028e+00
5.356456830000000478e-04,1.040000000000000036e+00,1.048000000000000043e+00
5.357097172000000081e-04,1.040000000000000036e+00,1.048000000000000043e+00
5.357737513999999684e-04,1.032000000000000028e+00,1.040000000000000036e+00
5.358377856000000371e-04,1.032000000000000028e+00,1.040000000000000036e+00
5.359018197999999974e-04,1.040000000000000036e+00,1.032000000000000028e+00
5.359658540000000661e-04,1.040000000000000036e+00,1.032000000000000028e+00
5.360298882000000265e-04,1.040000000000000036e+00,1.024000000000000021e+00
5.360939223999999868e-04,1.032000000000000028e+00,1.048000000000000043e+00
5.361579566000000555e-04,1.032000000000000028e+00,1.048000000000000043e+00
5.362219908000000158e-04,1.032000000000000028e+00,1.040000000000000036e+00
5.362860249999999761e-04,1.032000000000000028e+00,1.040000000000000036e+00
5.363500592000000448e-04,1.032000000000000028e+00,1.032000000000000028e+00
5.364140934000000051e-04,1.032000000000000028e+00,1.032000000000000028e+00
5.364781275999999655e-04,1.032000000000000028e+00,1.040000000000000036e+00
5.365421618000000342e-04,1.032000000000000028e+00,1.040000000000000036e+00
5.366061959999999945e-04,1.032000000000000028e+00,1.032000000000000028e+00
5.366702302000000632e-04,1.040000000000000036e+00,1.048000000000000043e+00
5.367342644000000235e-04,1.040000000000000036e+00,1.032000000000000028e+00
5.367982985999999838e-04,1.032000000000000028e+00,1.032000000000000028e+00
5.368623328000000526e-04,1.032000000000000028e+00,1.032000000000000028e+00
5.369263670000000129e-04,1.040000000000000036e+00,1.040000000000000036e+00
5.369904011999999732e-04,1.032000000000000028e+00,1.040000000000000036e+00
5.370544354000000419e-04,1.032000000000000028e+00,1.048000000000000043e+00
5.371184696000000022e-04,1.032000000000000028e+00,1.056000000000000050e+00
5.371825037999999625e-04,1.032000000000000028e+00,1.032000000000000028e+00
5.372465380000000313e-04,1.032000000000000028e+00,1.048000000000000043e+00
5.373105721999999916e-04,1.032000000000000028e+00,1.032000000000000028e+00
5.373746064000000603e-04,1.032000000000000028e+00,1.032000000000000028e+00
5.374386406000000206e-04,1.032000000000000028e+00,1.032000000000000028e+00
5.375026747999999809e-04,1.032000000000000028e+00,1.040000000000000036e+00
5.375667090000000497e-04,1.032000000000000028e+00,1.032000000000000028e+00
5.376307432000000100e-04,1.032000000000000028e+00,1.048000000000000043e+00
5.376947773999999703e-04,1.032000000000000028e+00,1.040000000000000036e+00
5.377588116000000390e-04,1.032000000000000028e+00,1.040000000000000036e+00
5.378228457999999993e-04,1.032000000000000028e+00,1.048000000000000043e+00
5.378868799999999596e-04,1.032000000000000028e+00,1.040000000000000036e+00
5.379509142000000283e-04,1.032000000000000028e+00,1.040000000000000036e+00
5.380149483999999887e-04,1.040000000000000036e+00,1.032000000000000028e+00
5.380789826000000574e-04,1.032000000000000028e+00,1.040000000000000036e+00
5.381430168000000177e-04,1.032000000000000028e+00,1.032000000000000028e+00
5.382070509999999780e-04,1.032000000000000028e+00,1.032000000000000028e+00
5.382710852000000467e-04,1.032000000000000028e+00,1.040000000000000036e+00
5.383351194000000070e-04,1.032000000000000028e+00,1.032000000000000028e+00
5.383991535999999673e-04,1.032000000000000028e+00,1.040000000000000036e+00
5.384631878000000361e-04,1.032000000000000028e+00,1.040000000000000036e+00
5.385272219999999964e-04,1.032000000000000028e+00,1.048000000000000043e+00
5.385912561999999567e-04,1.032000000000000028e+00,1.040000000000000036e+00
5.386552904000000254e-04,1.032000000000000028e+00,1.032000000000000028e+00
5.387193245999999857e-04,1.032000000000000028e+00,1.024000000000000021e+00
5.387833588000000545e-04,1.040000000000000036e+00,1.040000000000000036e+00
5.388473930000000148e-04,1.032000000000000028e+00,1.040000000000000036e+00
5.389114271999999751e-04,1.032000000000000028e+00,1.024000000000000021e+00
5.389754614000000438e-04,1.032000000000000028e+00,1.048000000000000043e+00
5.390394956000000041e-04,1.032000000000000028e+00,1.040000000000000036e+00
5.391035297999999644e-04,1.032000000000000028e+00,1.040000000000000036e+00
5.391675640000000332e-04,1.032000000000000028e+00,1.032000000000000028e+00
5.392315981999999935e-04,1.040000000000000036e+00,1.032000000000000028e+00
5.392956324000000622e-04,1.032000000000000028e+00,1.048000000000000043e+00
5.393596666000000225e-04,1.032000000000000028e+00,1.056000000000000050e+00
5.394237007999999828e-04,1.032000000000000028e+00,1.040000000000000036e+00
5.394877350000000515e-04,1.032000000000000028e+00,1.032000000000000028e+00
5.395517692000000119e-04,1.032000000000000028e+00,1.040000000000000036e+00
5.396158033999999722e-04,1.032000000000000028e+00,1.032000000000000028e+00
5.396798376000000409e-04,1.032000000000000028e+00,1.040000000000000036e+00
5.397438718000000012e-04,1.032000000000000028e+00,1.024000000000000021e+00
5.398079059999999615e-04,1.032000000000000028e+00,1.040000000000000036e+00
5.398719402000000302e-04,1.040000000000000036e+00,1.040000000000000036e+00
5.399359743999999905e-04,1.032000000000000028e+00,1.040000000000000036e+00
5.400000086000000593e-04,1.032000000000000028e+00,1.040000000000000036e+00
5.400640428000000196e-04,1.032000000000000028e+00,1.040000000000000036e+00
5.401280769999999799e-04,1.032000000000000028e+00,1.040000000000000036e+00
5.401921112000000486e-04,1.032000000000000028e+00,1.032000000000000028e+00
5.402561454000000089e-04,1.040000000000000036e+00,1.040000000000000036e+00
5.403201795999999692e-04,1.032000000000000028e+00,1.040000000000000036e+00
5.403842138000000380e-04,1.032000000000000028e+00,1.040000000000000036e+00
5.404482479999999983e-04,1.040000000000000036e+00,1.024000000000000021e+00
5.405122822000000670e-04,1.032000000000000028e+00,1.032000000000000028e+00
5.405763164000000273e-04,1.040000000000000036e+00,1.040000000000000036e+00
5.406403505999999876e-04,1.032000000000000028e+00,1.040000000000000036e+00
5.407043848000000564e-04,1.032000000000000028e+00,1.040000000000000036e+00
5.407684190000000167e-04,1.032000000000000028e+00,1.040000000000000036e+00
5.408324531999999770e-04,1.032000000000000028e+00,1.048000000000000043e+00
5.408964874000000457e-04,1.032000000000000028e+00,1.048000000000000043e+00
5.409605216000000060e-04,1.032000000000000028e+00,1.032000000000000028e+00
5.410245557999999663e-04,1.032000000000000028e+00,1.032000000000000028e+00
5.410885900000000351e-04,1.032000000000000028e+00,1.040000000000000036e+00
5.411526241999999954e-04,1.040000000000000036e+00,1.032000000000000028e+00
5.412166584000000641e-04,1.032000000000000028e+00,1.040000000000000036e+00
5.412806926000000244e-04,1.032000000000000028e+00,1.032000000000000028e+00
5.413447267999999847e-04,1.032000000000000028e+00,1.040000000000000036e+00
5.414087610000000534e-04,1.032000000000000028e+00,1.048000000000000043e+00
5.414727952000000137e-04,1.032000000000000028e+00,1.040000000000000036e+00
5.415368293999999741e-04,1.032000000000000028e+00,1.032000000000000028e+00
5.416008636000000428e-04,1.024000000000000021e+00,1.040000000000000036e+00
5.416648978000000031e-04,1.032000000000000028e+00,1.032000000000000028e+00
5.417289319999999634e-04,1.032000000000000028e+00,1.048000000000000043e+00
5.417929662000000321e-04,1.032000000000000028e+00,1.032000000000000028e+00
5.418570003999999924e-04,1.032000000000000028e+00,1.032000000000000028e+00
5.419210346000000612e-04,1.024000000000000021e+00,1.040000000000000036e+00
5.419850688000000215e-04,1.032000000000000028e+00,1.040000000000000036e+00
5.420491029999999818e-04,1.040000000000000036e+00,1.032000000000000028e+00
5.421131372000000505e-04,1.032000000000000028e+00,1.040000000000000036e+00
5.421771714000000108e-04,1.032000000000000028e+00,1.048000000000000043e+00
5.422412055999999711e-04,1.032000000000000028e+00,1.040000000000000036e+00
5.423052398000000399e-04,1.032000000000000028e+00,1.032000000000000028e+00
5.423692740000000002e-04,1.032000000000000028e+00,1.040000000000000036e+00
5.424333081999999605e-04,1.032000000000000028e+00,1.024000000000000021e+00
5.424973424000000292e-04,1.032000000000000028e+00,1.032000000000000028e+00
5.425613765999999895e-04,1.024000000000000021e+00,1.040000000000000036e+00
5.426254108000000582e-04,1.032000000000000028e+00,1.040000000000000036e+00
5.426894450000000186e-04,1.032000000000000028e+00,1.040000000000000036e+00
5.427534791999999789e-04,1.032000000000000028e+00,1.040000000000000036e+00
5.428175134000000476e-04,1.032000000000000028e+00,1.024000000000000021e+00
5.428815476000000079e-04,1.032000000000000028e+00,1.032000000000000028e+00
5.429455817999999682e-04,1.032000000000000028e+00,1.040000000000000036e+00
5.430096160000000369e-04,1.032000000000000028e+00,1.040000000000000036e+00
5.430736501999999973e-04,1.032000000000000028e+00,1.040000000000000036e+00
5.431376843999999576e-04,1.032000000000000028e+00,1.040000000000000036e+00
5.432017186000000263e-04,1.032000000000000028e+00,1.040000000000000036e+00
5.432657527999999866e-04,1.032000000000000028e+00,1.032000000000000028e+00
5.433297870000000553e-04,1.032000000000000028e+00,1.032000000000000028e+00
5.433938212000000156e-04,1.032000000000000028e+00,1.024000000000000021e+00
5.434578553999999759e-04,1.032000000000000028e+00,1.032000000000000028e+00
5.435218896000000447e-04,1.032000000000000028e+00,1.048000000000000043e+00
5.435859238000000050e-04,1.032000000000000028e+00,1.032000000000000028e+00
5.436499579999999653e-04,1.032000000000000028e+00,1.040000000000000036e+00
5.437139922000000340e-04,1.032000000000000028e+00,1.040000000000000036e+00
5.437780263999999943e-04,1.032000000000000028e+00,1.040000000000000036e+00
5.438420605999999546e-04,1.032000000000000028e+00,1.032000000000000028e+00
5.439060948000000234e-04,1.024000000000000021e+00,1.032000000000000028e+00
5.439701289999999837e-04,1.032000000000000028e+00,1.032000000000000028e+00
5.440341632000000524e-04,1.032000000000000028e+00,1.040000000000000036e+00
5.440981974000000127e-04,1.032000000000000028e+00,1.032000000000000028e+00
5.441622315999999730e-04,1.032000000000000028e+00,1.032000000000000028e+00
5.442262658000000418e-04,1.032000000000000028e+00,1.024000000000000021e+00
