-6.339400000000000243e-03,2.470000000000000195e+00,7.199999999999999734e-01
-6.323391499999999991e-03,2.470000000000000195e+00,7.399999999999999911e-01
-6.307383000000000607e-03,2.470000000000000195e+00,7.399999999999999911e-01
-6.291374500000000355e-03,2.490000000000000213e+00,7.399999999999999911e-01
-6.275366000000000104e-03,2.490000000000000213e+00,7.399999999999999911e-01
-6.259357499999999852e-03,2.490000000000000213e+00,7.399999999999999911e-01
-6.243349000000000468e-03,2.490000000000000213e+00,7.199999999999999734e-01
-6.227340500000000216e-03,2.490000000000000213e+00,7.399999999999999911e-01
-6.211331999999999964e-03,2.510000000000000231e+00,7.399999999999999911e-01
-6.195323500000000580e-03,2.530000000000000249e+00,7.199999999999999734e-01
-6.179315000000000328e-03,2.530000000000000249e+00,7.199999999999999734e-01
-6.163306500000000077e-03,2.530000000000000249e+00,7.399999999999999911e-01
-6.147297999999999825e-03,2.530000000000000249e+00,7.399999999999999911e-01
-6.131289500000000441e-03,2.550000000000000266e+00,7.199999999999999734e-01
-6.115281000000000189e-03,2.550000000000000266e+00,7.399999999999999911e-01
-6.099272499999999937e-03,2.569999999999999840e+00,7.199999999999999734e-01
-6.083264000000000553e-03,2.569999999999999840e+00,7.399999999999999911e-01
-6.067255500000000301e-03,2.569999999999999840e+00,7.399999999999999911e-01
-6.051247000000000049e-03,2.569999999999999840e+00,7.199999999999999734e-01
-6.035238499999999798e-03,2.589999999999999858e+00,7.199999999999999734e-01
-6.019230000000000413e-03,2.589999999999999858e+00,7.399999999999999911e-01
-6.003221500000000162e-03,2.589999999999999858e+00,7.399999999999999911e-01
-5.987212999999999910e-03,2.589999999999999858e+00,7.199999999999999734e-01
-5.971204500000000526e-03,2.609999999999999876e+00,7.199999999999999734e-01
-5.955196000000000274e-03,2.609999999999999876e+00,7.199999999999999734e-01
-5.939187500000000022e-03,2.609999999999999876e+00,7.199999999999999734e-01
-5.923179000000000638e-03,2.629999999999999893e+00,7.399999999999999911e-01
-5.907170500000000386e-03,2.649999999999999911e+00,7.399999999999999911e-01
-5.891162000000000135e-03,2.649999999999999911e+00,7.600000000000000089e-01
-5.875153499999999883e-03,2.649999999999999911e+00,7.399999999999999911e-01
-5.859145000000000499e-03,2.669999999999999929e+00,7.199999999999999734e-01
-5.843136500000000247e-03,2.649999999999999911e+00,7.199999999999999734e-01
-5.827127999999999995e-03,2.669999999999999929e+00,7.000000000000000666e-01
-5.811119499999999743e-03,2.669999999999999929e+00,7.600000000000000089e-01
-5.795111000000000359e-03,2.689999999999999947e+00,7.600000000000000089e-01
-5.779102500000000107e-03,2.689999999999999947e+00,7.399999999999999911e-01
-5.763093999999999856e-03,2.689999999999999947e+00,7.199999999999999734e-01
-5.747085500000000471e-03,2.709999999999999964e+00,7.399999999999999911e-01
-5.731077000000000220e-03,2.709999999999999964e+00,7.199999999999999734e-01
-5.715068499999999968e-03,2.709999999999999964e+00,7.399999999999999911e-01
-5.699060000000000584e-03,2.729999999999999982e+00,7.399999999999999911e-01
-5.683051500000000332e-03,2.729999999999999982e+00,7.399999999999999911e-01
-5.667043000000000080e-03,2.729999999999999982e+00,7.199999999999999734e-01
-5.651034499999999829e-03,2.750000000000000000e+00,7.399999999999999911e-01
-5.635026000000000444e-03,2.750000000000000000e+00,7.399999999999999911e-01
-5.619017500000000193e-03,2.770000000000000018e+00,7.199999999999999734e-01
-5.603008999999999941e-03,2.770000000000000018e+00,7.399999999999999911e-01
-5.587000500000000557e-03,2.770000000000000018e+00,7.600000000000000089e-01
-5.570992000000000305e-03,2.770000000000000018e+00,7.399999999999999911e-01
-5.554983500000000053e-03,2.770000000000000018e+00,7.399999999999999911e-01
-5.538974999999999801e-03,2.790000000000000036e+00,7.399999999999999911e-01
-5.522966500000000417e-03,2.810000000000000053e+00,7.399999999999999911e-01
-5.506958000000000165e-03,2.810000000000000053e+00,7.399999999999999911e-01
-5.490949499999999914e-03,2.810000000000000053e+00,7.199999999999999734e-01
-5.474941000000000529e-03,2.810000000000000053e+00,7.399999999999999911e-01
-5.458932500000000278e-03,2.810000000000000053e+00,7.399999999999999911e-01
-5.442924000000000026e-03,2.830000000000000071e+00,7.399999999999999911e-01
-5.426915500000000642e-03,2.830000000000000071e+00,7.399999999999999911e-01
-5.410907000000000390e-03,2.850000000000000089e+00,7.399999999999999911e-01
-5.394898500000000138e-03,2.850000000000000089e+00,7.399999999999999911e-01
-5.378889999999999887e-03,2.850000000000000089e+00,7.399999999999999911e-01
-5.362881500000000502e-03,2.850000000000000089e+00,7.399999999999999911e-01
-5.346873000000000251e-03,2.870000000000000107e+00,7.399999999999999911e-01
-5.330864499999999999e-03,2.870000000000000107e+00,7.399999999999999911e-01
-5.314855999999999747e-03,2.890000000000000124e+00,7.399999999999999911e-01
-5.298847500000000363e-03,2.890000000000000124e+00,7.399999999999999911e-01
-5.282839000000000111e-03,2.890000000000000124e+00,7.399999999999999911e-01
-5.266830499999999859e-03,2.890000000000000124e+00,7.399999999999999911e-01
-5.250822000000000475e-03,2.910000000000000142e+00,7.600000000000000089e-01
-5.234813500000000223e-03,2.910000000000000142e+00,7.399999999999999911e-01
-5.218804999999999972e-03,2.910000000000000142e+00,7.399999999999999911e-01
-5.202796500000000587e-03,2.930000000000000160e+00,7.199999999999999734e-01
-5.186788000000000336e-03,2.930000000000000160e+00,7.399999999999999911e-01
-5.170779500000000084e-03,2.930000000000000160e+00,7.600000000000000089e-01
-5.154771000000000700e-03,2.950000000000000178e+00,7.600000000000000089e-01
-5.138762500000000448e-03,2.950000000000000178e+00,7.399999999999999911e-01
-5.122754000000000196e-03,2.950000000000000178e+00,7.399999999999999911e-01
-5.106745499999999945e-03,2.970000000000000195e+00,7.399999999999999911e-01
-5.090736999999999693e-03,2.970000000000000195e+00,7.199999999999999734e-01
-5.074728500000000309e-03,2.970000000000000195e+00,7.600000000000000089e-01
-5.058720000000000057e-03,2.970000000000000195e+00,7.399999999999999911e-01
-5.042711499999999805e-03,2.970000000000000195e+00,7.399999999999999911e-01
-5.026703000000000421e-03,2.990000000000000213e+00,7.399999999999999911e-01
-5.010694500000000169e-03,2.990000000000000213e+00,7.399999999999999911e-01
-4.994685999999999917e-03,2.990000000000000213e+00,7.199999999999999734e-01
-4.978677500000000533e-03,2.990000000000000213e+00,7.000000000000000666e-01
-4.962669000000000281e-03,3.010000000000000231e+00,7.399999999999999911e-01
-4.946660500000000030e-03,3.030000000000000249e+00,7.600000000000000089e-01
-4.930652000000000645e-03,3.030000000000000249e+00,7.399999999999999911e-01
-4.914643500000000394e-03,3.030000000000000249e+00,7.399999999999999911e-01
-4.898635000000000142e-03,3.050000000000000266e+00,7.399999999999999911e-01
-4.882626499999999890e-03,3.050000000000000266e+00,7.199999999999999734e-01
-4.866617999999999639e-03,3.050000000000000266e+00,7.399999999999999911e-01
-4.850609500000000254e-03,3.050000000000000266e+00,7.399999999999999911e-01
-4.834601000000000003e-03,3.070000000000000284e+00,7.399999999999999911e-01
-4.818592499999999751e-03,3.070000000000000284e+00,7.399999999999999911e-01
-4.802584000000000367e-03,3.089999999999999858e+00,7.600000000000000089e-01
-4.786575500000000115e-03,3.089999999999999858e+00,7.399999999999999911e-01
-4.770566999999999863e-03,3.089999999999999858e+00,7.399999999999999911e-01
-4.754558500000000479e-03,3.089999999999999858e+00,7.399999999999999911e-01
-4.738550000000000227e-03,3.109999999999999876e+00,7.399999999999999911e-01
-4.722541499999999975e-03,3.109999999999999876e+00,7.399999999999999911e-01
-4.706533000000000591e-03,3.109999999999999876e+00,7.600000000000000089e-01
-4.690524500000000339e-03,3.129999999999999893e+00,7.399999999999999911e-01
-4.674516000000000088e-03,3.129999999999999893e+00,7.600000000000000089e-01
-4.658507499999999836e-03,3.129999999999999893e+00,7.600000000000000089e-01
-4.642499000000000452e-03,3.149999999999999911e+00,7.399999999999999911e-01
-4.626490500000000200e-03,3.149999999999999911e+00,7.199999999999999734e-01
-4.610481999999999948e-03,3.149999999999999911e+00,7.399999999999999911e-01
-4.594473499999999697e-03,3.169999999999999929e+00,7.399999999999999911e-01
-4.578465000000000312e-03,3.169999999999999929e+00,7.399999999999999911e-01
-4.562456500000000061e-03,3.189999999999999947e+00,7.600000000000000089e-01
-4.546447999999999809e-03,3.189999999999999947e+00,7.399999999999999911e-01
-4.530439500000000425e-03,3.189999999999999947e+00,7.199999999999999734e-01
-4.514431000000000173e-03,3.209999999999999964e+00,7.399999999999999911e-01
-4.498422499999999921e-03,3.229999999999999982e+00,7.600000000000000089e-01
-4.482414000000000537e-03,3.209999999999999964e+00,7.600000000000000089e-01
-4.466405500000000285e-03,3.209999999999999964e+00,7.600000000000000089e-01
-4.450397000000000033e-03,3.229999999999999982e+00,7.399999999999999911e-01
-4.434388500000000649e-03,3.229999999999999982e+00,7.600000000000000089e-01
-4.418380000000000397e-03,3.229999999999999982e+00,7.399999999999999911e-01
-4.402371500000000146e-03,3.250000000000000000e+00,7.600000000000000089e-01
-4.386362999999999894e-03,3.250000000000000000e+00,7.399999999999999911e-01
-4.370354499999999642e-03,3.250000000000000000e+00,7.399999999999999911e-01
-4.354346000000000258e-03,3.250000000000000000e+00,7.399999999999999911e-01
-4.338337500000000006e-03,3.290000000000000036e+00,7.600000000000000089e-01
-4.322328999999999755e-03,3.270000000000000018e+00,7.600000000000000089e-01
-4.306320500000000370e-03,3.270000000000000018e+00,7.600000000000000089e-01
-4.290312000000000119e-03,3.290000000000000036e+00,7.399999999999999911e-01
-4.274303499999999867e-03,3.290000000000000036e+00,7.399999999999999911e-01
-4.258295000000000483e-03,3.310000000000000053e+00,7.399999999999999911e-01
-4.242286500000000231e-03,3.310000000000000053e+00,7.600000000000000089e-01
-4.226277999999999979e-03,3.310000000000000053e+00,7.399999999999999911e-01
-4.210269500000000595e-03,3.310000000000000053e+00,7.399999999999999911e-01
-4.194260999999999476e-03,3.350000000000000089e+00,7.399999999999999911e-01
-4.178252500000000091e-03,3.330000000000000071e+00,7.399999999999999911e-01
-4.162244000000000707e-03,3.350000000000000089e+00,7.399999999999999911e-01
-4.146235499999999588e-03,3.350000000000000089e+00,7.600000000000000089e-01
-4.130227000000000204e-03,3.350000000000000089e+00,7.399999999999999911e-01
-4.114218499999999952e-03,3.350000000000000089e+00,7.600000000000000089e-01
-4.098209999999999700e-03,3.370000000000000107e+00,7.600000000000000089e-01
-4.082201500000000316e-03,3.390000000000000124e+00,7.800000000000000266e-01
-4.066193000000000064e-03,3.390000000000000124e+00,7.600000000000000089e-01
-4.050184499999999813e-03,3.390000000000000124e+00,7.600000000000000089e-01
-4.034176000000000428e-03,3.410000000000000142e+00,7.399999999999999911e-01
-4.018167500000000177e-03,3.390000000000000124e+00,7.600000000000000089e-01
-4.002158999999999925e-03,3.410000000000000142e+00,7.399999999999999911e-01
-3.986150500000000541e-03,3.410000000000000142e+00,7.399999999999999911e-01
-3.970142000000000289e-03,3.410000000000000142e+00,7.600000000000000089e-01
-3.954133500000000037e-03,3.430000000000000160e+00,7.600000000000000089e-01
-3.938125000000000653e-03,3.430000000000000160e+00,7.600000000000000089e-01
-3.922116499999999534e-03,3.450000000000000178e+00,7.399999999999999911e-01
-3.906108000000000149e-03,3.450000000000000178e+00,7.600000000000000089e-01
-3.890099499999999898e-03,3.450000000000000178e+00,7.399999999999999911e-01
-3.874091000000000080e-03,3.450000000000000178e+00,7.600000000000000089e-01
-3.858082500000000262e-03,3.450000000000000178e+00,7.399999999999999911e-01
-3.842074000000000010e-03,3.470000000000000195e+00,7.600000000000000089e-01
-3.826065500000000192e-03,3.470000000000000195e+00,7.399999999999999911e-01
-3.810056999999999940e-03,3.490000000000000213e+00,7.199999999999999734e-01
-3.794048500000000122e-03,3.490000000000000213e+00,7.399999999999999911e-01
-3.778039999999999871e-03,3.510000000000000231e+00,7.600000000000000089e-01
-3.762031500000000053e-03,3.490000000000000213e+00,7.399999999999999911e-01
-3.746023000000000235e-03,3.510000000000000231e+00,7.600000000000000089e-01
-3.730014499999999983e-03,3.510000000000000231e+00,7.600000000000000089e-01
-3.714006000000000165e-03,3.510000000000000231e+00,7.600000000000000089e-01
-3.697997499999999913e-03,3.530000000000000249e+00,7.600000000000000089e-01
-3.681989000000000095e-03,3.530000000000000249e+00,7.600000000000000089e-01
-3.665980500000000277e-03,3.550000000000000266e+00,7.600000000000000089e-01
-3.649972000000000025e-03,3.550000000000000266e+00,7.600000000000000089e-01
-3.633963500000000207e-03,3.550000000000000266e+00,7.600000000000000089e-01
-3.617954999999999956e-03,3.550000000000000266e+00,7.600000000000000089e-01
-3.601946500000000138e-03,3.570000000000000284e+00,7.800000000000000266e-01
-3.585937999999999886e-03,3.570000000000000284e+00,7.800000000000000266e-01
-3.569929500000000068e-03,3.570000000000000284e+00,7.600000000000000089e-01
-3.553921000000000250e-03,3.570000000000000284e+00,7.600000000000000089e-01
-3.537912499999999998e-03,3.609999999999999876e+00,7.399999999999999911e-01
-3.521904000000000180e-03,3.589999999999999858e+00,7.399999999999999911e-01
-3.505895499999999929e-03,3.609999999999999876e+00,7.600000000000000089e-01
-3.489887000000000111e-03,3.629999999999999893e+00,7.600000000000000089e-01
-3.473878499999999859e-03,3.629999999999999893e+00,7.800000000000000266e-01
-3.457870000000000041e-03,3.629999999999999893e+00,7.600000000000000089e-01
-3.441861500000000223e-03,3.629999999999999893e+00,7.600000000000000089e-01
-3.425852999999999971e-03,3.649999999999999911e+00,7.399999999999999911e-01
-3.409844500000000153e-03,3.649999999999999911e+00,7.399999999999999911e-01
-3.393835999999999901e-03,3.649999999999999911e+00,7.600000000000000089e-01
-3.377827500000000083e-03,3.649999999999999911e+00,7.600000000000000089e-01
-3.361819000000000265e-03,3.649999999999999911e+00,7.399999999999999911e-01
-3.345810500000000014e-03,3.669999999999999929e+00,7.800000000000000266e-01
-3.329802000000000196e-03,3.669999999999999929e+00,7.600000000000000089e-01
-3.313793499999999944e-03,3.689999999999999947e+00,7.600000000000000089e-01
-3.297785000000000126e-03,3.689999999999999947e+00,7.800000000000000266e-01
-3.281776499999999874e-03,3.689999999999999947e+00,7.399999999999999911e-01
-3.265768000000000056e-03,3.689999999999999947e+00,7.399999999999999911e-01
-3.249759500000000238e-03,3.689999999999999947e+00,7.800000000000000266e-01
-3.233750999999999987e-03,3.729999999999999982e+00,7.600000000000000089e-01
-3.217742500000000169e-03,3.729999999999999982e+00,7.600000000000000089e-01
-3.201733999999999917e-03,3.729999999999999982e+00,7.600000000000000089e-01
-3.185725500000000099e-03,3.729999999999999982e+00,7.600000000000000089e-01
-3.169716999999999847e-03,3.729999999999999982e+00,7.600000000000000089e-01
-3.153708500000000029e-03,3.750000000000000000e+00,7.800000000000000266e-01
-3.137700000000000211e-03,3.770000000000000018e+00,7.600000000000000089e-01
-3.121691499999999959e-03,3.750000000000000000e+00,7.600000000000000089e-01
-3.105683000000000141e-03,3.770000000000000018e+00,7.600000000000000089e-01
-3.089674499999999890e-03,3.770000000000000018e+00,7.399999999999999911e-01
-3.073666000000000072e-03,3.790000000000000036e+00,7.399999999999999911e-01
-3.057657500000000254e-03,3.790000000000000036e+00,7.600000000000000089e-01
-3.041649000000000002e-03,3.790000000000000036e+00,7.600000000000000089e-01
-3.025640500000000184e-03,3.790000000000000036e+00,7.600000000000000089e-01
-3.009631999999999932e-03,3.790000000000000036e+00,7.800000000000000266e-01
-2.993623500000000114e-03,3.810000000000000053e+00,7.800000000000000266e-01
-2.977614999999999863e-03,3.810000000000000053e+00,7.800000000000000266e-01
-2.961606500000000045e-03,3.830000000000000071e+00,7.600000000000000089e-01
-2.945598000000000227e-03,3.830000000000000071e+00,7.800000000000000266e-01
-2.929589499999999975e-03,3.830000000000000071e+00,7.600000000000000089e-01
-2.913581000000000157e-03,3.850000000000000089e+00,7.600000000000000089e-01
-2.897572499999999905e-03,3.850000000000000089e+00,7.600000000000000089e-01
-2.881564000000000087e-03,3.870000000000000107e+00,7.600000000000000089e-01
-2.865555499999999835e-03,3.850000000000000089e+00,7.600000000000000089e-01
-2.849547000000000017e-03,3.870000000000000107e+00,7.600000000000000089e-01
-2.833538500000000199e-03,3.870000000000000107e+00,7.800000000000000266e-01
-2.817529999999999948e-03,3.890000000000000124e+00,7.800000000000000266e-01
-2.801521500000000130e-03,3.890000000000000124e+00,7.600000000000000089e-01
-2.785512999999999878e-03,3.910000000000000142e+00,7.600000000000000089e-01
-2.769504500000000060e-03,3.890000000000000124e+00,7.399999999999999911e-01
-2.753496000000000242e-03,3.910000000000000142e+00,7.600000000000000089e-01
-2.737487499999999990e-03,3.910000000000000142e+00,7.600000000000000089e-01
-2.721479000000000172e-03,3.930000000000000160e+00,7.600000000000000089e-01
-2.705470499999999921e-03,3.930000000000000160e+00,7.600000000000000089e-01
-2.689462000000000103e-03,3.950000000000000178e+00,7.399999999999999911e-01
-2.673453499999999851e-03,3.950000000000000178e+00,7.600000000000000089e-01
-2.657445000000000033e-03,3.950000000000000178e+00,7.399999999999999911e-01
-2.641436500000000215e-03,3.950000000000000178e+00,7.600000000000000089e-01
-2.625427999999999963e-03,3.950000000000000178e+00,7.600000000000000089e-01
-2.609419500000000145e-03,3.970000000000000195e+00,7.600000000000000089e-01
-2.593410999999999893e-03,3.970000000000000195e+00,7.399999999999999911e-01
-2.577402500000000075e-03,3.990000000000000213e+00,7.600000000000000089e-01
-2.561393999999999824e-03,3.990000000000000213e+00,7.800000000000000266e-01
-2.545385500000000006e-03,3.990000000000000213e+00,7.199999999999999734e-01
-2.529377000000000188e-03,3.990000000000000213e+00,7.600000000000000089e-01
-2.513368499999999936e-03,3.990000000000000213e+00,7.399999999999999911e-01
-2.497360000000000118e-03,4.009999999999999787e+00,7.600000000000000089e-01
-2.481351499999999866e-03,4.030000000000000249e+00,7.600000000000000089e-01
-2.465343000000000048e-03,4.030000000000000249e+00,7.600000000000000089e-01
-2.449334499999999797e-03,4.030000000000000249e+00,7.600000000000000089e-01
-2.433325999999999979e-03,4.030000000000000249e+00,7.800000000000000266e-01
-2.417317500000000161e-03,4.049999999999999822e+00,7.600000000000000089e-01
-2.401308999999999909e-03,4.049999999999999822e+00,7.600000000000000089e-01
-2.385300499999999657e-03,4.049999999999999822e+00,7.800000000000000266e-01
-2.369292000000000273e-03,4.070000000000000284e+00,7.600000000000000089e-01
-2.353283500000000021e-03,4.089999999999999858e+00,7.600000000000000089e-01
-2.337274999999999769e-03,4.070000000000000284e+00,7.600000000000000089e-01
-2.321266500000000385e-03,4.089999999999999858e+00,7.800000000000000266e-01
-2.305258000000000133e-03,4.089999999999999858e+00,7.600000000000000089e-01
-2.289249499999999882e-03,4.089999999999999858e+00,7.600000000000000089e-01
-2.273240999999999630e-03,4.089999999999999858e+00,7.600000000000000089e-01
-2.257232500000000246e-03,4.110000000000000320e+00,7.600000000000000089e-01
-2.241223999999999994e-03,4.110000000000000320e+00,7.600000000000000089e-01
-2.225215499999999742e-03,4.129999999999999893e+00,7.399999999999999911e-01
-2.209207000000000358e-03,4.129999999999999893e+00,7.800000000000000266e-01
-2.193198500000000106e-03,4.129999999999999893e+00,7.800000000000000266e-01
-2.177189999999999855e-03,4.129999999999999893e+00,7.399999999999999911e-01
-2.161181499999999603e-03,4.150000000000000355e+00,7.800000000000000266e-01
-2.145173000000000219e-03,4.150000000000000355e+00,7.600000000000000089e-01
-2.129164499999999967e-03,4.150000000000000355e+00,7.800000000000000266e-01
-2.113155999999999715e-03,4.169999999999999929e+00,7.600000000000000089e-01
-2.097147500000000331e-03,4.169999999999999929e+00,7.800000000000000266e-01
-2.081139000000000079e-03,4.190000000000000391e+00,7.800000000000000266e-01
-2.065130499999999827e-03,4.190000000000000391e+00,7.600000000000000089e-01
-2.049121999999999576e-03,4.190000000000000391e+00,7.600000000000000089e-01
-2.033113500000000191e-03,4.190000000000000391e+00,7.600000000000000089e-01
-2.017104999999999940e-03,4.209999999999999964e+00,7.600000000000000089e-01
-2.001096499999999688e-03,4.209999999999999964e+00,7.600000000000000089e-01
-1.985088000000000304e-03,4.209999999999999964e+00,7.600000000000000089e-01
-1.969079500000000052e-03,4.230000000000000426e+00,7.399999999999999911e-01
-1.953070999999999800e-03,4.230000000000000426e+00,7.399999999999999911e-01
-1.937062499999999549e-03,4.230000000000000426e+00,7.600000000000000089e-01
-1.921054000000000164e-03,4.250000000000000000e+00,7.600000000000000089e-01
-1.905045499999999913e-03,2.700000000000000178e-01,7.399999999999999911e-01
-1.889036999999999661e-03,1.900000000000000022e-01,5.200000000000000178e-01
-1.873028500000000277e-03,2.999999999999999889e-02,2.000000000000000042e-02
-1.857020000000000025e-03,2.999999999999999889e-02,2.000000000000000042e-02
-1.841011499999999773e-03,2.999999999999999889e-02,4.000000000000000083e-02
-1.825003000000000389e-03,5.000000000000000278e-02,5.999999999999999778e-02
-1.808994500000000137e-03,5.000000000000000278e-02,5.999999999999999778e-02
-1.792985999999999885e-03,7.000000000000000666e-02,5.999999999999999778e-02
-1.776977499999999634e-03,7.000000000000000666e-02,8.000000000000000167e-02
-1.760969000000000249e-03,8.999999999999999667e-02,8.000000000000000167e-02
-1.744960499999999998e-03,8.999999999999999667e-02,1.000000000000000056e-01
-1.728951999999999746e-03,8.999999999999999667e-02,1.000000000000000056e-01
-1.712943500000000362e-03,1.100000000000000006e-01,1.000000000000000056e-01
-1.696935000000000110e-03,1.300000000000000044e-01,1.199999999999999956e-01
-1.680926499999999858e-03,1.300000000000000044e-01,1.400000000000000133e-01
-1.664917999999999607e-03,1.499999999999999944e-01,1.600000000000000033e-01
-1.648909500000000222e-03,1.499999999999999944e-01,1.600000000000000033e-01
-1.632900999999999971e-03,1.700000000000000122e-01,1.600000000000000033e-01
-1.616892499999999719e-03,1.499999999999999944e-01,1.600000000000000033e-01
-1.600884000000000335e-03,1.900000000000000022e-01,1.799999999999999933e-01
-1.584875500000000083e-03,1.900000000000000022e-01,1.799999999999999933e-01
-1.568866999999999831e-03,1.900000000000000022e-01,2.000000000000000111e-01
-1.552858499999999579e-03,2.099999999999999922e-01,2.200000000000000011e-01
-1.536850000000000195e-03,2.300000000000000100e-01,2.000000000000000111e-01
-1.520841499999999943e-03,2.300000000000000100e-01,2.399999999999999911e-01
-1.504832999999999692e-03,2.500000000000000000e-01,2.399999999999999911e-01
-1.488824500000000307e-03,2.500000000000000000e-01,2.600000000000000089e-01
-1.472816000000000056e-03,2.700000000000000178e-01,2.600000000000000089e-01
-1.456807499999999804e-03,2.700000000000000178e-01,2.600000000000000089e-01
-1.440798999999999552e-03,2.700000000000000178e-01,2.800000000000000266e-01
-1.424790500000000168e-03,2.899999999999999800e-01,2.800000000000000266e-01
-1.408781999999999916e-03,3.099999999999999978e-01,2.999999999999999889e-01
-1.392773499999999665e-03,3.099999999999999978e-01,2.999999999999999889e-01
-1.376765000000000280e-03,3.300000000000000155e-01,3.200000000000000067e-01
-1.360756500000000029e-03,3.300000000000000155e-01,3.200000000000000067e-01
-1.344747999999999777e-03,3.300000000000000155e-01,3.200000000000000067e-01
-1.328739499999999525e-03,3.500000000000000333e-01,3.400000000000000244e-01
-1.312731000000000141e-03,3.500000000000000333e-01,3.800000000000000044e-01
-1.296722499999999889e-03,3.699999999999999956e-01,3.599999999999999867e-01
-1.280713999999999637e-03,3.900000000000000133e-01,3.400000000000000244e-01
-1.264705500000000253e-03,3.900000000000000133e-01,3.800000000000000044e-01
-1.248697000000000001e-03,3.900000000000000133e-01,4.000000000000000222e-01
-1.232688499999999750e-03,4.100000000000000311e-01,4.000000000000000222e-01
-1.216679999999999498e-03,4.100000000000000311e-01,4.199999999999999845e-01
-1.200671500000000114e-03,4.299999999999999933e-01,4.199999999999999845e-01
-1.184662999999999862e-03,4.299999999999999933e-01,4.199999999999999845e-01
-1.168654499999999610e-03,4.299999999999999933e-01,4.400000000000000022e-01
-1.152646000000000226e-03,4.500000000000000111e-01,4.600000000000000200e-01
-1.136637499999999974e-03,4.700000000000000289e-01,4.600000000000000200e-01
-1.120628999999999723e-03,4.500000000000000111e-01,4.400000000000000022e-01
-1.104620500000000338e-03,4.899999999999999911e-01,4.799999999999999822e-01
-1.088612000000000087e-03,4.899999999999999911e-01,4.799999999999999822e-01
-1.072603499999999835e-03,4.899999999999999911e-01,5.000000000000000000e-01
-1.056594999999999583e-03,5.100000000000000089e-01,4.799999999999999822e-01
-1.040586500000000199e-03,5.100000000000000089e-01,5.000000000000000000e-01
-1.024577999999999947e-03,5.300000000000000266e-01,5.000000000000000000e-01
-1.008569499999999695e-03,5.100000000000000089e-01,5.000000000000000000e-01
-9.925610000000003111e-04,5.300000000000000266e-01,5.200000000000000178e-01
-9.765525000000000594e-04,5.500000000000000444e-01,5.400000000000000355e-01
-9.605439999999998077e-04,5.500000000000000444e-01,5.200000000000000178e-01
-9.445354999999995560e-04,5.700000000000000622e-01,5.400000000000000355e-01
-9.285270000000001717e-04,5.700000000000000622e-01,5.400000000000000355e-01
-9.125184999999999200e-04,5.700000000000000622e-01,5.200000000000000178e-01
-8.965099999999996683e-04,5.899999999999999689e-01,5.600000000000000533e-01
-8.805015000000002839e-04,5.899999999999999689e-01,5.600000000000000533e-01
-8.644930000000000322e-04,5.899999999999999689e-01,5.600000000000000533e-01
-8.484844999999997806e-04,5.899999999999999689e-01,5.600000000000000533e-01
-8.324759999999995289e-04,6.300000000000000044e-01,5.600000000000000533e-01
-8.164675000000001445e-04,6.300000000000000044e-01,5.799999999999999600e-01
-8.004589999999998928e-04,6.300000000000000044e-01,5.600000000000000533e-01
-7.844504999999996411e-04,6.500000000000000222e-01,5.600000000000000533e-01
-7.684420000000002568e-04,6.300000000000000044e-01,5.799999999999999600e-01
-7.524335000000000051e-04,6.500000000000000222e-01,5.600000000000000533e-01
-7.364249999999997534e-04,6.700000000000000400e-01,5.799999999999999600e-01
-7.204164999999995017e-04,6.700000000000000400e-01,5.600000000000000533e-01
-7.044080000000001174e-04,6.700000000000000400e-01,5.799999999999999600e-01
-6.883994999999998657e-04,6.900000000000000577e-01,5.999999999999999778e-01
-6.723909999999996140e-04,7.099999999999999645e-01,5.999999999999999778e-01
-6.563825000000002297e-04,6.900000000000000577e-01,6.199999999999999956e-01
-6.403739999999999780e-04,7.099999999999999645e-01,5.999999999999999778e-01
-6.243654999999997263e-04,7.099999999999999645e-01,5.999999999999999778e-01
-6.083569999999994746e-04,7.299999999999999822e-01,5.999999999999999778e-01
-5.923485000000000902e-04,7.299999999999999822e-01,6.199999999999999956e-01
-5.763399999999998385e-04,7.299999999999999822e-01,5.999999999999999778e-01
-5.603314999999995868e-04,7.500000000000000000e-01,5.999999999999999778e-01
-5.443230000000002025e-04,7.500000000000000000e-01,5.999999999999999778e-01
-5.283144999999999508e-04,7.500000000000000000e-01,5.999999999999999778e-01
-5.123059999999996991e-04,7.500000000000000000e-01,5.999999999999999778e-01
-4.962975000000003148e-04,7.700000000000000178e-01,6.199999999999999956e-01
-4.802890000000000631e-04,7.900000000000000355e-01,5.999999999999999778e-01
-4.642804999999998114e-04,7.900000000000000355e-01,5.999999999999999778e-01
-4.482719999999995597e-04,7.900000000000000355e-01,5.999999999999999778e-01
-4.322635000000001754e-04,8.100000000000000533e-01,6.199999999999999956e-01
-4.162549999999999237e-04,8.100000000000000533e-01,6.199999999999999956e-01
-4.002464999999996720e-04,8.100000000000000533e-01,6.199999999999999956e-01
-3.842380000000002876e-04,8.300000000000000711e-01,6.199999999999999956e-01
-3.682295000000000360e-04,8.300000000000000711e-01,5.999999999999999778e-01
-3.522209999999997843e-04,8.300000000000000711e-01,6.199999999999999956e-01
-3.362124999999995326e-04,8.300000000000000711e-01,6.199999999999999956e-01
-3.202040000000001482e-04,8.499999999999999778e-01,6.199999999999999956e-01
-3.041954999999998965e-04,8.499999999999999778e-01,6.400000000000000133e-01
-2.881869999999996448e-04,8.499999999999999778e-01,6.400000000000000133e-01
-2.721785000000002605e-04,8.499999999999999778e-01,6.199999999999999956e-01
-2.561700000000000088e-04,8.699999999999999956e-01,6.400000000000000133e-01
-2.401614999999997571e-04,8.699999999999999956e-01,6.400000000000000133e-01
-2.241529999999995054e-04,8.900000000000000133e-01,6.199999999999999956e-01
-2.081445000000001211e-04,8.900000000000000133e-01,6.199999999999999956e-01
-1.921359999999998694e-04,8.900000000000000133e-01,6.400000000000000133e-01
-1.761274999999996177e-04,8.900000000000000133e-01,6.600000000000000311e-01
-1.601190000000002334e-04,9.100000000000000311e-01,6.400000000000000133e-01
-1.441104999999999817e-04,9.100000000000000311e-01,6.199999999999999956e-01
-1.281019999999997300e-04,9.300000000000000488e-01,6.400000000000000133e-01
-1.120934999999994783e-04,9.300000000000000488e-01,6.400000000000000133e-01
-9.608500000000009394e-05,9.300000000000000488e-01,6.400000000000000133e-01
-8.007649999999984225e-05,9.300000000000000488e-01,6.400000000000000133e-01
-6.406799999999959055e-05,9.500000000000000666e-01,6.600000000000000311e-01
-4.805950000000020622e-05,9.500000000000000666e-01,6.400000000000000133e-01
-3.205099999999995453e-05,9.699999999999999734e-01,6.600000000000000311e-01
-1.604249999999970283e-05,9.699999999999999734e-01,6.600000000000000311e-01
-3.399999999945113593e-08,9.699999999999999734e-01,6.400000000000000133e-01
1.597449999999993320e-05,9.899999999999999911e-01,6.800000000000000488e-01
3.198300000000018489e-05,9.899999999999999911e-01,6.400000000000000133e-01
4.799150000000043659e-05,9.899999999999999911e-01,6.600000000000000311e-01
6.399999999999982092e-05,9.899999999999999911e-01,6.600000000000000311e-01
8.000850000000007262e-05,1.010000000000000009e+00,6.400000000000000133e-01
9.601700000000032431e-05,1.010000000000000009e+00,6.600000000000000311e-01
1.120255000000005760e-04,1.010000000000000009e+00,6.400000000000000133e-01
1.280339999999999603e-04,1.030000000000000027e+00,6.600000000000000311e-01
1.440425000000002120e-04,1.030000000000000027e+00,6.600000000000000311e-01
1.600510000000004637e-04,1.050000000000000044e+00,6.600000000000000311e-01
1.760594999999998481e-04,1.050000000000000044e+00,6.400000000000000133e-01
1.920680000000000998e-04,1.050000000000000044e+00,6.600000000000000311e-01
2.080765000000003515e-04,1.050000000000000044e+00,6.600000000000000311e-01
2.240849999999997358e-04,1.070000000000000062e+00,6.600000000000000311e-01
2.400934999999999875e-04,1.090000000000000080e+00,6.400000000000000133e-01
2.561020000000002392e-04,1.070000000000000062e+00,6.600000000000000311e-01
2.721105000000004909e-04,1.090000000000000080e+00,6.800000000000000488e-01
2.881189999999998752e-04,1.090000000000000080e+00,6.600000000000000311e-01
3.041275000000001269e-04,1.090000000000000080e+00,6.600000000000000311e-01
3.201360000000003786e-04,1.110000000000000098e+00,6.600000000000000311e-01
3.361444999999997629e-04,1.110000000000000098e+00,6.800000000000000488e-01
3.521530000000000146e-04,1.110000000000000098e+00,6.600000000000000311e-01
3.681615000000002663e-04,1.110000000000000098e+00,6.600000000000000311e-01
3.841700000000005180e-04,1.130000000000000115e+00,6.600000000000000311e-01
4.001784999999999023e-04,1.130000000000000115e+00,6.800000000000000488e-01
4.161870000000001540e-04,1.150000000000000133e+00,6.400000000000000133e-01
4.321955000000004057e-04,1.150000000000000133e+00,6.800000000000000488e-01
4.482039999999997901e-04,1.150000000000000133e+00,6.600000000000000311e-01
4.642125000000000418e-04,1.169999999999999929e+00,6.600000000000000311e-01
4.802210000000002935e-04,1.169999999999999929e+00,6.600000000000000311e-01
4.962295000000005452e-04,1.169999999999999929e+00,7.000000000000000666e-01
5.122379999999999295e-04,1.189999999999999947e+00,6.600000000000000311e-01
5.282465000000001812e-04,1.189999999999999947e+00,6.600000000000000311e-01
5.442550000000004329e-04,1.189999999999999947e+00,7.000000000000000666e-01
5.602634999999998172e-04,1.209999999999999964e+00,6.800000000000000488e-01
5.762720000000000689e-04,1.209999999999999964e+00,6.600000000000000311e-01
5.922805000000003206e-04,1.209999999999999964e+00,6.800000000000000488e-01
6.082890000000005723e-04,1.229999999999999982e+00,6.800000000000000488e-01
6.242974999999999566e-04,1.229999999999999982e+00,6.800000000000000488e-01
6.403060000000002083e-04,1.229999999999999982e+00,6.600000000000000311e-01
6.563145000000004600e-04,1.229999999999999982e+00,6.800000000000000488e-01
6.723229999999998444e-04,1.250000000000000000e+00,6.600000000000000311e-01
6.883315000000000961e-04,1.250000000000000000e+00,6.600000000000000311e-01
7.043400000000003477e-04,1.250000000000000000e+00,6.800000000000000488e-01
7.203485000000005994e-04,1.270000000000000018e+00,6.800000000000000488e-01
7.363569999999999838e-04,1.270000000000000018e+00,6.600000000000000311e-01
7.523655000000002355e-04,1.270000000000000018e+00,7.000000000000000666e-01
7.683740000000004872e-04,1.290000000000000036e+00,6.800000000000000488e-01
7.843824999999998715e-04,1.310000000000000053e+00,6.800000000000000488e-01
8.003910000000001232e-04,1.290000000000000036e+00,6.800000000000000488e-01
8.163995000000003749e-04,1.310000000000000053e+00,6.800000000000000488e-01
8.324079999999997592e-04,1.330000000000000071e+00,7.000000000000000666e-01
8.484165000000000109e-04,1.310000000000000053e+00,6.800000000000000488e-01
8.644250000000002626e-04,1.330000000000000071e+00,6.600000000000000311e-01
8.804335000000005143e-04,1.350000000000000089e+00,7.000000000000000666e-01
8.964419999999998986e-04,1.350000000000000089e+00,6.800000000000000488e-01
9.124505000000001503e-04,1.350000000000000089e+00,6.800000000000000488e-01
9.284590000000004020e-04,1.350000000000000089e+00,6.600000000000000311e-01
9.444674999999997864e-04,1.370000000000000107e+00,6.800000000000000488e-01
9.604760000000000381e-04,1.370000000000000107e+00,7.000000000000000666e-01
9.764845000000002898e-04,1.390000000000000124e+00,6.800000000000000488e-01
9.924930000000005414e-04,1.390000000000000124e+00,7.000000000000000666e-01
1.008501499999999926e-03,1.390000000000000124e+00,6.800000000000000488e-01
1.024510000000000177e-03,1.390000000000000124e+00,7.000000000000000666e-01
1.040518500000000429e-03,1.409999999999999920e+00,6.800000000000000488e-01
1.056526999999999814e-03,1.409999999999999920e+00,6.800000000000000488e-01
1.072535500000000065e-03,1.409999999999999920e+00,6.800000000000000488e-01
1.088544000000000317e-03,1.429999999999999938e+00,7.000000000000000666e-01
1.104552500000000569e-03,1.429999999999999938e+00,7.000000000000000666e-01
1.120560999999999953e-03,1.449999999999999956e+00,6.800000000000000488e-01
1.136569500000000205e-03,1.449999999999999956e+00,7.000000000000000666e-01
1.152578000000000456e-03,1.449999999999999956e+00,7.000000000000000666e-01
1.168586499999999841e-03,1.449999999999999956e+00,7.000000000000000666e-01
1.184595000000000092e-03,1.449999999999999956e+00,6.800000000000000488e-01
1.200603500000000344e-03,1.469999999999999973e+00,7.000000000000000666e-01
1.216612000000000596e-03,1.489999999999999991e+00,6.800000000000000488e-01
1.232620499999999980e-03,1.469999999999999973e+00,6.800000000000000488e-01
1.248629000000000232e-03,1.489999999999999991e+00,7.000000000000000666e-01
1.264637500000000483e-03,1.489999999999999991e+00,7.000000000000000666e-01
1.280645999999999868e-03,1.510000000000000009e+00,6.800000000000000488e-01
1.296654500000000119e-03,1.510000000000000009e+00,6.800000000000000488e-01
1.312663000000000371e-03,1.510000000000000009e+00,7.000000000000000666e-01
1.328671500000000623e-03,1.530000000000000027e+00,7.000000000000000666e-01
1.344680000000000007e-03,1.530000000000000027e+00,7.199999999999999734e-01
1.360688500000000259e-03,1.530000000000000027e+00,7.199999999999999734e-01
1.376697000000000511e-03,1.550000000000000044e+00,6.800000000000000488e-01
1.392705499999999895e-03,1.550000000000000044e+00,7.000000000000000666e-01
1.408714000000000147e-03,1.550000000000000044e+00,7.199999999999999734e-01
1.424722500000000398e-03,1.570000000000000062e+00,6.800000000000000488e-01
1.440731000000000650e-03,1.570000000000000062e+00,6.800000000000000488e-01
1.456739500000000034e-03,1.570000000000000062e+00,7.000000000000000666e-01
1.472748000000000286e-03,1.590000000000000080e+00,7.000000000000000666e-01
1.488756500000000538e-03,1.590000000000000080e+00,7.000000000000000666e-01
1.504764999999999922e-03,1.590000000000000080e+00,7.000000000000000666e-01
1.520773500000001041e-03,1.610000000000000098e+00,6.800000000000000488e-01
1.536782000000000425e-03,1.610000000000000098e+00,6.800000000000000488e-01
1.552790499999999810e-03,1.610000000000000098e+00,7.000000000000000666e-01
1.568799000000000929e-03,1.610000000000000098e+00,7.000000000000000666e-01
1.584807500000000313e-03,1.610000000000000098e+00,7.199999999999999734e-01
1.600815999999999698e-03,1.630000000000000115e+00,6.800000000000000488e-01
1.616824500000000817e-03,1.630000000000000115e+00,7.199999999999999734e-01
1.632833000000000201e-03,1.650000000000000133e+00,6.800000000000000488e-01
1.648841499999999585e-03,1.650000000000000133e+00,7.000000000000000666e-01
1.664850000000000704e-03,1.650000000000000133e+00,7.000000000000000666e-01
1.680858500000000089e-03,1.669999999999999929e+00,7.000000000000000666e-01
1.696866999999999473e-03,1.669999999999999929e+00,7.000000000000000666e-01
1.712875500000000592e-03,1.689999999999999947e+00,7.000000000000000666e-01
1.728883999999999976e-03,1.689999999999999947e+00,6.800000000000000488e-01
1.744892500000001095e-03,1.689999999999999947e+00,7.000000000000000666e-01
1.760901000000000480e-03,1.689999999999999947e+00,6.800000000000000488e-01
1.776909499999999864e-03,1.689999999999999947e+00,7.199999999999999734e-01
1.792918000000000983e-03,1.709999999999999964e+00,7.000000000000000666e-01
1.808926500000000367e-03,1.709999999999999964e+00,6.800000000000000488e-01
1.824934999999999752e-03,1.729999999999999982e+00,7.199999999999999734e-01
1.840943500000000871e-03,1.729999999999999982e+00,7.199999999999999734e-01
1.856952000000000255e-03,1.729999999999999982e+00,7.000000000000000666e-01
1.872960499999999640e-03,1.729999999999999982e+00,7.199999999999999734e-01
1.888969000000000759e-03,1.750000000000000000e+00,7.000000000000000666e-01
1.904977500000000143e-03,1.750000000000000000e+00,7.199999999999999734e-01
1.920985999999999527e-03,1.770000000000000018e+00,7.199999999999999734e-01
1.936994500000000646e-03,1.770000000000000018e+00,7.000000000000000666e-01
1.953003000000000031e-03,1.770000000000000018e+00,7.000000000000000666e-01
1.969011499999999415e-03,1.770000000000000018e+00,7.199999999999999734e-01
1.985020000000000534e-03,1.790000000000000036e+00,6.600000000000000311e-01
2.001028499999999918e-03,1.790000000000000036e+00,6.800000000000000488e-01
2.017037000000001037e-03,1.790000000000000036e+00,7.199999999999999734e-01
2.033045500000000422e-03,1.810000000000000053e+00,7.199999999999999734e-01
2.049053999999999806e-03,1.810000000000000053e+00,7.000000000000000666e-01
2.065062500000000925e-03,1.830000000000000071e+00,6.800000000000000488e-01
2.081071000000000309e-03,1.830000000000000071e+00,7.000000000000000666e-01
2.097079499999999694e-03,1.830000000000000071e+00,7.399999999999999911e-01
2.113088000000000813e-03,1.830000000000000071e+00,7.199999999999999734e-01
2.129096500000000197e-03,1.850000000000000089e+00,7.000000000000000666e-01
2.145104999999999582e-03,1.850000000000000089e+00,7.399999999999999911e-01
2.161113500000000701e-03,1.870000000000000107e+00,7.199999999999999734e-01
2.177122000000000085e-03,1.870000000000000107e+00,7.399999999999999911e-01
2.193130499999999469e-03,1.870000000000000107e+00,7.199999999999999734e-01
2.209139000000000588e-03,1.870000000000000107e+00,7.199999999999999734e-01
2.225147499999999973e-03,1.890000000000000124e+00,7.199999999999999734e-01
2.241156000000001092e-03,1.890000000000000124e+00,7.199999999999999734e-01
2.257164500000000476e-03,1.890000000000000124e+00,7.000000000000000666e-01
2.273172999999999860e-03,1.910000000000000142e+00,7.199999999999999734e-01
2.289181500000000979e-03,1.910000000000000142e+00,7.199999999999999734e-01
2.305190000000000364e-03,1.929999999999999938e+00,7.199999999999999734e-01
2.321198499999999748e-03,1.929999999999999938e+00,7.199999999999999734e-01
2.337207000000000867e-03,1.929999999999999938e+00,7.199999999999999734e-01
2.353215500000000251e-03,1.929999999999999938e+00,7.199999999999999734e-01
2.369223999999999636e-03,1.949999999999999956e+00,7.199999999999999734e-01
2.385232500000000755e-03,1.949999999999999956e+00,7.199999999999999734e-01
2.401241000000000139e-03,1.969999999999999973e+00,7.000000000000000666e-01
2.417249499999999524e-03,1.969999999999999973e+00,7.199999999999999734e-01
2.433258000000000643e-03,1.969999999999999973e+00,7.000000000000000666e-01
2.449266500000000027e-03,1.969999999999999973e+00,7.199999999999999734e-01
2.465275000000001146e-03,1.989999999999999991e+00,7.000000000000000666e-01
2.481283500000000530e-03,1.989999999999999991e+00,7.000000000000000666e-01
2.497291999999999915e-03,1.989999999999999991e+00,7.000000000000000666e-01
2.513300500000001034e-03,1.989999999999999991e+00,7.199999999999999734e-01
2.529309000000000418e-03,2.010000000000000231e+00,7.000000000000000666e-01
2.545317499999999802e-03,2.010000000000000231e+00,7.199999999999999734e-01
2.561326000000000921e-03,2.030000000000000249e+00,7.000000000000000666e-01
2.577334500000000306e-03,2.030000000000000249e+00,7.000000000000000666e-01
2.593342999999999690e-03,2.049999999999999822e+00,7.199999999999999734e-01
2.609351500000000809e-03,2.030000000000000249e+00,7.199999999999999734e-01
2.625360000000000193e-03,2.049999999999999822e+00,7.199999999999999734e-01
2.641368499999999578e-03,2.049999999999999822e+00,7.199999999999999734e-01
2.657377000000000697e-03,2.049999999999999822e+00,7.199999999999999734e-01
2.673385500000000081e-03,2.049999999999999822e+00,7.199999999999999734e-01
2.689393999999999466e-03,2.069999999999999840e+00,7.199999999999999734e-01
2.705402500000000585e-03,2.069999999999999840e+00,7.199999999999999734e-01
2.721410999999999969e-03,2.089999999999999858e+00,7.000000000000000666e-01
2.737419500000001088e-03,2.089999999999999858e+00,7.399999999999999911e-01
2.753428000000000472e-03,2.089999999999999858e+00,7.199999999999999734e-01
2.769436499999999857e-03,2.109999999999999876e+00,6.800000000000000488e-01
2.785445000000000976e-03,2.109999999999999876e+00,7.199999999999999734e-01
2.801453500000000360e-03,2.109999999999999876e+00,7.399999999999999911e-01
2.817461999999999744e-03,2.129999999999999893e+00,7.000000000000000666e-01
2.833470500000000863e-03,2.129999999999999893e+00,7.199999999999999734e-01
2.849479000000000248e-03,2.129999999999999893e+00,7.000000000000000666e-01
2.865487499999999632e-03,2.149999999999999911e+00,7.199999999999999734e-01
2.881496000000000751e-03,2.149999999999999911e+00,7.199999999999999734e-01
2.897504500000000136e-03,2.169999999999999929e+00,7.199999999999999734e-01
2.913512999999999520e-03,2.169999999999999929e+00,7.399999999999999911e-01
2.929521500000000639e-03,2.169999999999999929e+00,7.199999999999999734e-01
2.945530000000000023e-03,2.169999999999999929e+00,7.000000000000000666e-01
2.961538500000001142e-03,2.169999999999999929e+00,7.199999999999999734e-01
2.977547000000000527e-03,2.169999999999999929e+00,7.000000000000000666e-01
2.993555499999999911e-03,2.189999999999999947e+00,7.199999999999999734e-01
3.009564000000001030e-03,2.189999999999999947e+00,7.399999999999999911e-01
3.025572500000000414e-03,2.189999999999999947e+00,7.399999999999999911e-01
3.041580999999999799e-03,2.209999999999999964e+00,7.000000000000000666e-01
3.057589500000000918e-03,2.209999999999999964e+00,7.199999999999999734e-01
3.073598000000000302e-03,2.229999999999999982e+00,7.399999999999999911e-01
3.089606499999999686e-03,2.250000000000000000e+00,7.199999999999999734e-01
3.105615000000000805e-03,2.229999999999999982e+00,7.199999999999999734e-01
3.121623500000000190e-03,2.229999999999999982e+00,7.399999999999999911e-01
3.137631999999999574e-03,2.250000000000000000e+00,7.199999999999999734e-01
3.153640500000000693e-03,2.250000000000000000e+00,7.199999999999999734e-01
3.169649000000000078e-03,2.250000000000000000e+00,7.199999999999999734e-01
3.185657500000001197e-03,2.270000000000000018e+00,7.199999999999999734e-01
3.201666000000000581e-03,2.270000000000000018e+00,7.399999999999999911e-01
3.217674499999999965e-03,2.290000000000000036e+00,7.199999999999999734e-01
3.233683000000001084e-03,2.290000000000000036e+00,7.199999999999999734e-01
3.249691500000000469e-03,2.310000000000000053e+00,7.199999999999999734e-01
3.265699999999999853e-03,2.310000000000000053e+00,7.199999999999999734e-01
3.281708500000000972e-03,2.310000000000000053e+00,7.199999999999999734e-01
3.297717000000000356e-03,2.330000000000000071e+00,7.399999999999999911e-01
3.313725499999999741e-03,2.330000000000000071e+00,7.199999999999999734e-01
3.329734000000000860e-03,2.330000000000000071e+00,7.199999999999999734e-01
3.345742500000000244e-03,2.330000000000000071e+00,7.399999999999999911e-01
3.361750999999999628e-03,2.330000000000000071e+00,7.199999999999999734e-01
3.377759500000000747e-03,2.350000000000000089e+00,7.600000000000000089e-01
3.393768000000000132e-03,2.350000000000000089e+00,7.199999999999999734e-01
3.409776499999999516e-03,2.350000000000000089e+00,7.000000000000000666e-01
3.425785000000000635e-03,2.370000000000000107e+00,7.399999999999999911e-01
3.441793500000000020e-03,2.370000000000000107e+00,7.399999999999999911e-01
3.457802000000001139e-03,2.390000000000000124e+00,7.399999999999999911e-01
3.473810500000000523e-03,2.370000000000000107e+00,7.399999999999999911e-01
3.489818999999999907e-03,2.390000000000000124e+00,7.399999999999999911e-01
3.505827500000001026e-03,2.390000000000000124e+00,7.199999999999999734e-01
3.521836000000000411e-03,2.410000000000000142e+00,7.199999999999999734e-01
3.537844499999999795e-03,2.410000000000000142e+00,7.399999999999999911e-01
3.553853000000000914e-03,2.410000000000000142e+00,7.399999999999999911e-01
3.569861500000000298e-03,2.430000000000000160e+00,7.199999999999999734e-01
3.585869999999999683e-03,2.430000000000000160e+00,7.199999999999999734e-01
3.601878500000000802e-03,2.430000000000000160e+00,7.399999999999999911e-01
3.617887000000000186e-03,2.450000000000000178e+00,7.399999999999999911e-01
3.633895499999999570e-03,2.450000000000000178e+00,7.399999999999999911e-01
3.649904000000000689e-03,2.450000000000000178e+00,7.199999999999999734e-01
3.665912500000000074e-03,2.470000000000000195e+00,7.399999999999999911e-01
3.681921000000001193e-03,2.470000000000000195e+00,7.399999999999999911e-01
3.697929500000000577e-03,2.470000000000000195e+00,7.399999999999999911e-01
3.713937999999999962e-03,2.470000000000000195e+00,7.199999999999999734e-01
3.729946500000001081e-03,2.490000000000000213e+00,7.399999999999999911e-01
3.745955000000000465e-03,2.490000000000000213e+00,7.399999999999999911e-01
3.761963499999999849e-03,2.490000000000000213e+00,7.199999999999999734e-01
3.777972000000000968e-03,2.510000000000000231e+00,7.199999999999999734e-01
3.793980500000000353e-03,2.510000000000000231e+00,7.399999999999999911e-01
3.809988999999999737e-03,2.530000000000000249e+00,7.199999999999999734e-01
3.825997500000000856e-03,2.510000000000000231e+00,7.399999999999999911e-01
3.842006000000000240e-03,2.530000000000000249e+00,7.399999999999999911e-01
3.858014499999999625e-03,2.550000000000000266e+00,7.199999999999999734e-01
3.874023000000000744e-03,2.550000000000000266e+00,7.399999999999999911e-01
3.890031500000000128e-03,2.550000000000000266e+00,7.199999999999999734e-01
3.906040000000001247e-03,2.569999999999999840e+00,7.600000000000000089e-01
3.922048500000000631e-03,2.569999999999999840e+00,7.000000000000000666e-01
3.938057000000000016e-03,2.569999999999999840e+00,7.399999999999999911e-01
3.954065500000001135e-03,2.569999999999999840e+00,7.399999999999999911e-01
3.970074000000000519e-03,2.589999999999999858e+00,7.399999999999999911e-01
3.986082499999999904e-03,2.589999999999999858e+00,7.600000000000000089e-01
4.002091000000001023e-03,2.589999999999999858e+00,7.199999999999999734e-01
4.018099500000000407e-03,2.609999999999999876e+00,7.199999999999999734e-01
4.034107999999999791e-03,2.609999999999999876e+00,7.199999999999999734e-01
4.050116500000000910e-03,2.609999999999999876e+00,7.399999999999999911e-01
4.066125000000000295e-03,2.629999999999999893e+00,7.199999999999999734e-01
4.082133499999999679e-03,2.629999999999999893e+00,7.199999999999999734e-01
4.098142000000000798e-03,2.629999999999999893e+00,7.399999999999999911e-01
4.114150500000000182e-03,2.649999999999999911e+00,7.399999999999999911e-01
4.130158999999999567e-03,2.649999999999999911e+00,7.199999999999999734e-01
4.146167500000000686e-03,2.669999999999999929e+00,7.399999999999999911e-01
4.162176000000000070e-03,2.649999999999999911e+00,7.399999999999999911e-01
4.178184500000001189e-03,2.669999999999999929e+00,7.399999999999999911e-01
4.194193000000000573e-03,2.669999999999999929e+00,7.199999999999999734e-01
4.210201499999999958e-03,2.669999999999999929e+00,7.399999999999999911e-01
4.226210000000001077e-03,2.689999999999999947e+00,7.199999999999999734e-01
4.242218500000000461e-03,2.689999999999999947e+00,7.399999999999999911e-01
4.258226999999999846e-03,2.709999999999999964e+00,7.600000000000000089e-01
4.274235500000000965e-03,2.709999999999999964e+00,7.199999999999999734e-01
4.290244000000000349e-03,2.709999999999999964e+00,7.199999999999999734e-01
4.306252499999999733e-03,2.709999999999999964e+00,7.399999999999999911e-01
4.322261000000000852e-03,2.729999999999999982e+00,7.600000000000000089e-01
4.338269500000000237e-03,2.729999999999999982e+00,7.399999999999999911e-01
4.354277999999999621e-03,2.729999999999999982e+00,7.399999999999999911e-01
4.370286500000000740e-03,2.750000000000000000e+00,7.199999999999999734e-01
4.386295000000000124e-03,2.770000000000000018e+00,7.399999999999999911e-01
4.402303500000001243e-03,2.770000000000000018e+00,7.399999999999999911e-01
4.418312000000000628e-03,2.770000000000000018e+00,7.399999999999999911e-01
4.434320500000000012e-03,2.770000000000000018e+00,7.399999999999999911e-01
4.450329000000001131e-03,2.790000000000000036e+00,7.399999999999999911e-01
4.466337500000000515e-03,2.790000000000000036e+00,7.399999999999999911e-01
4.482345999999999900e-03,2.790000000000000036e+00,7.399999999999999911e-01
4.498354500000001019e-03,2.810000000000000053e+00,7.600000000000000089e-01
4.514363000000000403e-03,2.810000000000000053e+00,7.199999999999999734e-01
4.530371499999999788e-03,2.830000000000000071e+00,7.399999999999999911e-01
4.546380000000000907e-03,2.830000000000000071e+00,7.199999999999999734e-01
4.562388500000000291e-03,2.830000000000000071e+00,7.199999999999999734e-01
4.578396999999999675e-03,2.830000000000000071e+00,7.399999999999999911e-01
4.594405500000000794e-03,2.850000000000000089e+00,7.399999999999999911e-01
4.610414000000000179e-03,2.830000000000000071e+00,7.399999999999999911e-01
4.626422499999999563e-03,2.850000000000000089e+00,7.600000000000000089e-01
4.642431000000000682e-03,2.870000000000000107e+00,7.199999999999999734e-01
4.658439500000000066e-03,2.870000000000000107e+00,7.399999999999999911e-01
4.674448000000001185e-03,2.870000000000000107e+00,7.399999999999999911e-01
4.690456500000000570e-03,2.870000000000000107e+00,7.399999999999999911e-01
4.706464999999999954e-03,2.890000000000000124e+00,7.399999999999999911e-01
4.722473500000001073e-03,2.890000000000000124e+00,7.399999999999999911e-01
4.738482000000000458e-03,2.890000000000000124e+00,7.399999999999999911e-01
4.754490499999999842e-03,2.910000000000000142e+00,7.399999999999999911e-01
4.770499000000000961e-03,2.910000000000000142e+00,7.199999999999999734e-01
4.786507500000000345e-03,2.910000000000000142e+00,7.399999999999999911e-01
4.802515999999999730e-03,2.910000000000000142e+00,7.600000000000000089e-01
4.818524500000000849e-03,2.930000000000000160e+00,7.399999999999999911e-01
4.834533000000000233e-03,2.930000000000000160e+00,7.399999999999999911e-01
4.850541499999999617e-03,2.950000000000000178e+00,7.399999999999999911e-01
4.866550000000000736e-03,2.950000000000000178e+00,7.399999999999999911e-01
4.882558500000000121e-03,2.970000000000000195e+00,7.399999999999999911e-01
4.898567000000001240e-03,2.950000000000000178e+00,7.399999999999999911e-01
4.914575500000000624e-03,2.950000000000000178e+00,7.199999999999999734e-01
4.930584000000000008e-03,2.970000000000000195e+00,7.600000000000000089e-01
4.946592500000001127e-03,2.990000000000000213e+00,7.399999999999999911e-01
4.962601000000000512e-03,2.990000000000000213e+00,7.199999999999999734e-01
4.978609499999999896e-03,2.990000000000000213e+00,7.600000000000000089e-01
4.994618000000001015e-03,3.010000000000000231e+00,7.600000000000000089e-01
5.010626500000000400e-03,2.990000000000000213e+00,7.399999999999999911e-01
5.026634999999999784e-03,3.010000000000000231e+00,7.399999999999999911e-01
5.042643500000000903e-03,3.010000000000000231e+00,7.600000000000000089e-01
5.058652000000000287e-03,3.010000000000000231e+00,7.399999999999999911e-01
5.074660499999999672e-03,3.030000000000000249e+00,7.399999999999999911e-01
5.090669000000000791e-03,3.030000000000000249e+00,7.600000000000000089e-01
5.106677500000000175e-03,3.050000000000000266e+00,7.600000000000000089e-01
5.122686000000001294e-03,3.050000000000000266e+00,7.399999999999999911e-01
5.138694500000000678e-03,3.050000000000000266e+00,7.600000000000000089e-01
5.154703000000000063e-03,3.050000000000000266e+00,7.399999999999999911e-01
5.170711500000001182e-03,3.070000000000000284e+00,7.399999999999999911e-01
5.186720000000000566e-03,3.070000000000000284e+00,7.399999999999999911e-01
5.202728499999999950e-03,3.070000000000000284e+00,7.600000000000000089e-01
5.218737000000001069e-03,3.089999999999999858e+00,7.399999999999999911e-01
5.234745500000000454e-03,3.089999999999999858e+00,7.399999999999999911e-01
5.250753999999999838e-03,3.109999999999999876e+00,7.399999999999999911e-01
5.266762500000000957e-03,3.109999999999999876e+00,7.199999999999999734e-01
5.282771000000000342e-03,3.109999999999999876e+00,7.199999999999999734e-01
5.298779499999999726e-03,3.129999999999999893e+00,7.600000000000000089e-01
5.314788000000000845e-03,3.109999999999999876e+00,7.600000000000000089e-01
5.330796500000000229e-03,3.129999999999999893e+00,7.399999999999999911e-01
5.346804999999999614e-03,3.129999999999999893e+00,7.399999999999999911e-01
5.362813500000000733e-03,3.129999999999999893e+00,7.399999999999999911e-01
5.378822000000000117e-03,3.149999999999999911e+00,7.399999999999999911e-01
5.394830500000001236e-03,3.149999999999999911e+00,7.600000000000000089e-01
5.410839000000000620e-03,3.169999999999999929e+00,7.399999999999999911e-01
5.426847500000000005e-03,3.169999999999999929e+00,7.399999999999999911e-01
5.442856000000001124e-03,3.169999999999999929e+00,7.399999999999999911e-01
5.458864500000000508e-03,3.169999999999999929e+00,7.600000000000000089e-01
5.474872999999999892e-03,3.189999999999999947e+00,7.600000000000000089e-01
5.490881500000001011e-03,3.189999999999999947e+00,7.399999999999999911e-01
5.506890000000000396e-03,3.209999999999999964e+00,7.600000000000000089e-01
5.522898499999999780e-03,3.209999999999999964e+00,7.600000000000000089e-01
5.538907000000000899e-03,3.209999999999999964e+00,7.600000000000000089e-01
5.554915500000000284e-03,3.229999999999999982e+00,7.399999999999999911e-01
5.570923999999999668e-03,3.229999999999999982e+00,7.399999999999999911e-01
5.586932500000000787e-03,3.229999999999999982e+00,7.399999999999999911e-01
5.602941000000000171e-03,3.250000000000000000e+00,7.399999999999999911e-01
5.618949500000001290e-03,3.250000000000000000e+00,7.600000000000000089e-01
5.634958000000000675e-03,3.250000000000000000e+00,7.600000000000000089e-01
5.650966500000000059e-03,3.250000000000000000e+00,7.399999999999999911e-01
5.666975000000001178e-03,3.270000000000000018e+00,7.399999999999999911e-01
5.682983500000000562e-03,3.270000000000000018e+00,7.600000000000000089e-01
5.698991999999999947e-03,3.290000000000000036e+00,7.399999999999999911e-01
5.715000500000001066e-03,3.290000000000000036e+00,7.600000000000000089e-01
5.731009000000000450e-03,3.290000000000000036e+00,7.399999999999999911e-01
5.747017499999999834e-03,3.310000000000000053e+00,7.399999999999999911e-01
5.763026000000000953e-03,3.310000000000000053e+00,7.600000000000000089e-01
5.779034500000000338e-03,3.310000000000000053e+00,7.199999999999999734e-01
5.795042999999999722e-03,3.310000000000000053e+00,7.600000000000000089e-01
5.811051500000000841e-03,3.350000000000000089e+00,7.399999999999999911e-01
5.827060000000000226e-03,3.330000000000000071e+00,7.399999999999999911e-01
5.843068500000001345e-03,3.330000000000000071e+00,7.399999999999999911e-01
5.859077000000000729e-03,3.350000000000000089e+00,7.399999999999999911e-01
5.875085500000000113e-03,3.350000000000000089e+00,7.399999999999999911e-01
5.891094000000001232e-03,3.370000000000000107e+00,7.399999999999999911e-01
5.907102500000000617e-03,3.370000000000000107e+00,7.399999999999999911e-01
5.923111000000000001e-03,3.370000000000000107e+00,7.600000000000000089e-01
5.939119500000001120e-03,3.390000000000000124e+00,7.399999999999999911e-01
5.955128000000000504e-03,3.370000000000000107e+00,7.199999999999999734e-01
5.971136499999999889e-03,3.390000000000000124e+00,7.600000000000000089e-01
5.987145000000001008e-03,3.390000000000000124e+00,7.800000000000000266e-01
6.003153500000000392e-03,3.430000000000000160e+00,7.399999999999999911e-01
6.019161999999999776e-03,3.410000000000000142e+00,7.600000000000000089e-01
6.035170500000000895e-03,3.410000000000000142e+00,7.600000000000000089e-01
6.051179000000000280e-03,3.450000000000000178e+00,7.600000000000000089e-01
6.067187499999999664e-03,3.430000000000000160e+00,7.600000000000000089e-01
6.083196000000000783e-03,3.430000000000000160e+00,7.600000000000000089e-01
6.099204500000000168e-03,3.450000000000000178e+00,7.600000000000000089e-01
6.115213000000001287e-03,3.450000000000000178e+00,7.399999999999999911e-01
6.131221500000000671e-03,3.450000000000000178e+00,7.600000000000000089e-01
6.147230000000000055e-03,3.470000000000000195e+00,7.600000000000000089e-01
6.163238500000001174e-03,3.470000000000000195e+00,7.600000000000000089e-01
6.179247000000000559e-03,3.470000000000000195e+00,7.399999999999999911e-01
6.195255499999999943e-03,3.470000000000000195e+00,7.600000000000000089e-01
6.211264000000001062e-03,3.490000000000000213e+00,7.399999999999999911e-01
6.227272500000000446e-03,3.490000000000000213e+00,7.399999999999999911e-01
6.243280999999999831e-03,3.510000000000000231e+00,7.800000000000000266e-01
6.259289500000000950e-03,3.510000000000000231e+00,7.399999999999999911e-01
6.275298000000000334e-03,3.510000000000000231e+00,7.600000000000000089e-01
6.291306499999999718e-03,3.530000000000000249e+00,7.800000000000000266e-01
6.307315000000000837e-03,3.530000000000000249e+00,7.600000000000000089e-01
6.323323500000000222e-03,3.530000000000000249e+00,7.399999999999999911e-01
6.339332000000001341e-03,3.530000000000000249e+00,7.800000000000000266e-01
6.355340500000000725e-03,3.550000000000000266e+00,7.600000000000000089e-01
6.371349000000000110e-03,3.550000000000000266e+00,7.399999999999999911e-01
6.387357500000001229e-03,3.550000000000000266e+00,7.399999999999999911e-01
6.403366000000000613e-03,3.570000000000000284e+00,7.600000000000000089e-01
6.419374499999999997e-03,3.570000000000000284e+00,7.399999999999999911e-01
6.435383000000001116e-03,3.589999999999999858e+00,8.000000000000000444e-01
6.451391500000000501e-03,3.589999999999999858e+00,7.399999999999999911e-01
6.467399999999999885e-03,3.609999999999999876e+00,7.600000000000000089e-01
6.483408500000001004e-03,3.589999999999999858e+00,7.600000000000000089e-01
6.499417000000000388e-03,3.609999999999999876e+00,7.600000000000000089e-01
6.515425499999999773e-03,3.609999999999999876e+00,7.600000000000000089e-01
6.531434000000000892e-03,3.609999999999999876e+00,7.600000000000000089e-01
6.547442500000000276e-03,3.629999999999999893e+00,7.399999999999999911e-01
6.563451000000001395e-03,3.629999999999999893e+00,7.600000000000000089e-01
6.579459500000000780e-03,3.629999999999999893e+00,7.600000000000000089e-01
6.595468000000000164e-03,3.649999999999999911e+00,7.600000000000000089e-01
6.611476500000001283e-03,3.669999999999999929e+00,7.600000000000000089e-01
6.627485000000000667e-03,3.649999999999999911e+00,7.399999999999999911e-01
6.643493500000000052e-03,3.649999999999999911e+00,7.600000000000000089e-01
6.659502000000001171e-03,3.669999999999999929e+00,7.399999999999999911e-01
6.675510500000000555e-03,3.669999999999999929e+00,7.600000000000000089e-01
6.691518999999999939e-03,3.669999999999999929e+00,7.600000000000000089e-01
6.707527500000001058e-03,3.689999999999999947e+00,7.600000000000000089e-01
6.723536000000000443e-03,3.689999999999999947e+00,7.800000000000000266e-01
6.739544499999999827e-03,3.689999999999999947e+00,7.800000000000000266e-01
6.755553000000000946e-03,3.709999999999999964e+00,7.600000000000000089e-01
6.771561500000000330e-03,3.709999999999999964e+00,7.800000000000000266e-01
6.787569999999999715e-03,3.709999999999999964e+00,7.600000000000000089e-01
6.803578500000000834e-03,3.729999999999999982e+00,7.399999999999999911e-01
6.819587000000000218e-03,3.729999999999999982e+00,7.600000000000000089e-01
6.835595500000001337e-03,3.729999999999999982e+00,7.600000000000000089e-01
6.851604000000000722e-03,3.750000000000000000e+00,7.399999999999999911e-01
6.867612500000000106e-03,3.750000000000000000e+00,7.399999999999999911e-01
6.883621000000001225e-03,3.770000000000000018e+00,7.600000000000000089e-01
6.899629500000000609e-03,3.770000000000000018e+00,7.399999999999999911e-01
6.915637999999999994e-03,3.770000000000000018e+00,7.600000000000000089e-01
6.931646500000001113e-03,3.770000000000000018e+00,7.600000000000000089e-01
6.947655000000000497e-03,3.790000000000000036e+00,7.600000000000000089e-01
6.963663499999999881e-03,3.790000000000000036e+00,7.399999999999999911e-01
6.979672000000001000e-03,3.790000000000000036e+00,7.800000000000000266e-01
6.995680500000000385e-03,3.810000000000000053e+00,7.399999999999999911e-01
7.011688999999999769e-03,3.810000000000000053e+00,7.600000000000000089e-01
7.027697500000000888e-03,3.810000000000000053e+00,7.399999999999999911e-01
7.043706000000000272e-03,3.810000000000000053e+00,7.600000000000000089e-01
7.059714500000001391e-03,3.830000000000000071e+00,7.800000000000000266e-01
7.075723000000000776e-03,3.850000000000000089e+00,7.800000000000000266e-01
7.091731500000000160e-03,3.850000000000000089e+00,7.399999999999999911e-01
7.107740000000001279e-03,3.850000000000000089e+00,7.600000000000000089e-01
7.123748500000000664e-03,3.850000000000000089e+00,7.600000000000000089e-01
7.139757000000000048e-03,3.870000000000000107e+00,7.600000000000000089e-01
7.155765500000001167e-03,3.870000000000000107e+00,7.600000000000000089e-01
7.171774000000000551e-03,3.870000000000000107e+00,7.199999999999999734e-01
7.187782499999999936e-03,3.870000000000000107e+00,7.800000000000000266e-01
7.203791000000001055e-03,3.890000000000000124e+00,8.000000000000000444e-01
7.219799500000000439e-03,3.890000000000000124e+00,7.800000000000000266e-01
7.235807999999999823e-03,3.910000000000000142e+00,7.399999999999999911e-01
7.251816500000000942e-03,3.910000000000000142e+00,7.800000000000000266e-01
7.267825000000000327e-03,3.930000000000000160e+00,7.600000000000000089e-01
7.283833500000001446e-03,3.930000000000000160e+00,7.399999999999999911e-01
7.299842000000000830e-03,3.930000000000000160e+00,7.600000000000000089e-01
7.315850500000000214e-03,3.930000000000000160e+00,7.399999999999999911e-01
7.331859000000001333e-03,3.950000000000000178e+00,7.600000000000000089e-01
7.347867500000000718e-03,3.950000000000000178e+00,7.800000000000000266e-01
7.363876000000000102e-03,3.970000000000000195e+00,7.399999999999999911e-01
7.379884500000001221e-03,3.950000000000000178e+00,7.600000000000000089e-01
7.395893000000000606e-03,3.970000000000000195e+00,7.399999999999999911e-01
7.411901499999999990e-03,3.970000000000000195e+00,7.800000000000000266e-01
7.427910000000001109e-03,3.970000000000000195e+00,7.600000000000000089e-01
7.443918500000000493e-03,3.990000000000000213e+00,7.600000000000000089e-01
7.459926999999999878e-03,3.990000000000000213e+00,7.600000000000000089e-01
7.475935500000000997e-03,3.990000000000000213e+00,7.800000000000000266e-01
7.491944000000000381e-03,3.990000000000000213e+00,7.600000000000000089e-01
7.507952499999999765e-03,4.009999999999999787e+00,7.800000000000000266e-01
7.523961000000000884e-03,4.009999999999999787e+00,7.399999999999999911e-01
7.539969500000000269e-03,4.030000000000000249e+00,7.800000000000000266e-01
7.555978000000001388e-03,4.030000000000000249e+00,7.399999999999999911e-01
7.571986500000000772e-03,4.030000000000000249e+00,7.800000000000000266e-01
7.587995000000000156e-03,4.049999999999999822e+00,7.600000000000000089e-01
7.604003500000001275e-03,4.049999999999999822e+00,7.800000000000000266e-01
7.620012000000000660e-03,4.049999999999999822e+00,7.399999999999999911e-01
7.636020500000000044e-03,4.070000000000000284e+00,7.600000000000000089e-01
7.652029000000001163e-03,4.070000000000000284e+00,7.399999999999999911e-01
7.668037500000000548e-03,4.070000000000000284e+00,8.000000000000000444e-01
7.684045999999999932e-03,4.089999999999999858e+00,7.600000000000000089e-01
7.700054500000001051e-03,4.070000000000000284e+00,7.600000000000000089e-01
7.716063000000000435e-03,4.089999999999999858e+00,7.600000000000000089e-01
7.732071499999999820e-03,4.110000000000000320e+00,7.600000000000000089e-01
7.748080000000000939e-03,4.110000000000000320e+00,7.600000000000000089e-01
7.764088500000000323e-03,4.129999999999999893e+00,7.600000000000000089e-01
7.780097000000001442e-03,4.129999999999999893e+00,7.600000000000000089e-01
7.796105500000000826e-03,4.129999999999999893e+00,7.800000000000000266e-01
7.812114000000000211e-03,4.129999999999999893e+00,7.600000000000000089e-01
7.828122500000001330e-03,4.129999999999999893e+00,7.800000000000000266e-01
7.844131000000000714e-03,4.150000000000000355e+00,7.800000000000000266e-01
7.860139500000000098e-03,4.169999999999999929e+00,7.600000000000000089e-01
7.876148000000001217e-03,4.169999999999999929e+00,7.800000000000000266e-01
7.892156500000000602e-03,4.169999999999999929e+00,7.399999999999999911e-01
7.908164999999999986e-03,4.169999999999999929e+00,7.600000000000000089e-01
7.924173500000001105e-03,4.169999999999999929e+00,7.600000000000000089e-01
7.940182000000000490e-03,4.190000000000000391e+00,7.800000000000000266e-01
7.956190499999999874e-03,4.209999999999999964e+00,7.600000000000000089e-01
7.972199000000000993e-03,4.190000000000000391e+00,7.600000000000000089e-01
7.988207500000000377e-03,4.209999999999999964e+00,7.600000000000000089e-01
8.004215999999999762e-03,4.209999999999999964e+00,7.600000000000000089e-01
8.020224500000000881e-03,4.209999999999999964e+00,7.600000000000000089e-01
8.036233000000000265e-03,4.230000000000000426e+00,7.800000000000000266e-01
8.052241500000001384e-03,4.230000000000000426e+00,7.600000000000000089e-01
8.068250000000000768e-03,4.250000000000000000e+00,7.399999999999999911e-01
8.084258500000000153e-03,4.250000000000000000e+00,7.800000000000000266e-01
8.100267000000001272e-03,2.500000000000000000e-01,7.000000000000000666e-01
8.116275500000000656e-03,1.900000000000000022e-01,5.000000000000000000e-01
8.132284000000000040e-03,2.999999999999999889e-02,2.000000000000000042e-02
8.148292500000001159e-03,1.000000000000000021e-02,2.000000000000000042e-02
8.164301000000000544e-03,2.999999999999999889e-02,4.000000000000000083e-02
8.180309499999999928e-03,5.000000000000000278e-02,4.000000000000000083e-02
8.196318000000001047e-03,5.000000000000000278e-02,5.999999999999999778e-02
8.212326500000000432e-03,7.000000000000000666e-02,8.000000000000000167e-02
8.228334999999999816e-03,8.999999999999999667e-02,8.000000000000000167e-02
8.244343500000000935e-03,8.999999999999999667e-02,1.000000000000000056e-01
8.260352000000000319e-03,8.999999999999999667e-02,1.000000000000000056e-01
8.276360500000001438e-03,1.100000000000000006e-01,1.000000000000000056e-01
8.292369000000000823e-03,1.100000000000000006e-01,1.000000000000000056e-01
8.308377500000000207e-03,1.100000000000000006e-01,1.199999999999999956e-01
8.324386000000001326e-03,1.300000000000000044e-01,1.400000000000000133e-01
8.340394500000000710e-03,1.300000000000000044e-01,1.400000000000000133e-01
8.356403000000000095e-03,1.499999999999999944e-01,1.600000000000000033e-01
8.372411500000001214e-03,1.700000000000000122e-01,1.600000000000000033e-01
8.388420000000000598e-03,1.700000000000000122e-01,1.799999999999999933e-01
8.404428499999999982e-03,1.700000000000000122e-01,1.799999999999999933e-01
8.420437000000001102e-03,1.900000000000000022e-01,1.799999999999999933e-01
8.436445500000000486e-03,1.900000000000000022e-01,2.200000000000000011e-01
8.452453999999999870e-03,2.099999999999999922e-01,2.200000000000000011e-01
8.468462500000000989e-03,2.300000000000000100e-01,2.000000000000000111e-01
8.484471000000000374e-03,2.300000000000000100e-01,2.200000000000000011e-01
8.500479500000001493e-03,2.300000000000000100e-01,2.399999999999999911e-01
8.516488000000000877e-03,2.500000000000000000e-01,2.399999999999999911e-01
8.532496500000000261e-03,2.500000000000000000e-01,2.399999999999999911e-01
8.548505000000001380e-03,2.500000000000000000e-01,2.600000000000000089e-01
8.564513500000000765e-03,2.899999999999999800e-01,2.800000000000000266e-01
8.580522000000000149e-03,2.899999999999999800e-01,2.999999999999999889e-01
8.596530500000001268e-03,2.899999999999999800e-01,2.999999999999999889e-01
8.612539000000000652e-03,3.099999999999999978e-01,3.200000000000000067e-01
8.628547500000000037e-03,3.099999999999999978e-01,3.200000000000000067e-01
8.644556000000001156e-03,3.300000000000000155e-01,3.400000000000000244e-01
8.660564500000000540e-03,3.500000000000000333e-01,3.200000000000000067e-01
8.676572999999999924e-03,3.300000000000000155e-01,3.400000000000000244e-01
8.692581500000001044e-03,3.500000000000000333e-01,3.599999999999999867e-01
8.708590000000000428e-03,3.699999999999999956e-01,3.800000000000000044e-01
8.724598499999999812e-03,3.699999999999999956e-01,3.599999999999999867e-01
8.740607000000000931e-03,3.900000000000000133e-01,3.800000000000000044e-01
8.756615500000000316e-03,3.900000000000000133e-01,3.800000000000000044e-01
8.772624000000001435e-03,4.100000000000000311e-01,4.000000000000000222e-01
8.788632500000000819e-03,4.299999999999999933e-01,4.199999999999999845e-01
8.804641000000000203e-03,4.100000000000000311e-01,4.000000000000000222e-01
8.820649500000001322e-03,4.299999999999999933e-01,4.400000000000000022e-01
8.836658000000000707e-03,4.500000000000000111e-01,4.600000000000000200e-01
8.852666500000000091e-03,4.500000000000000111e-01,4.600000000000000200e-01
8.868675000000001210e-03,4.700000000000000289e-01,4.799999999999999822e-01
8.884683500000000594e-03,4.500000000000000111e-01,4.600000000000000200e-01
8.900691999999999979e-03,4.700000000000000289e-01,4.600000000000000200e-01
8.916700500000001098e-03,4.899999999999999911e-01,5.000000000000000000e-01
8.932709000000000482e-03,4.899999999999999911e-01,4.799999999999999822e-01
8.948717499999999866e-03,5.100000000000000089e-01,5.000000000000000000e-01
8.964726000000000986e-03,5.100000000000000089e-01,5.000000000000000000e-01
8.980734500000000370e-03,5.300000000000000266e-01,5.200000000000000178e-01
8.996743000000001489e-03,5.300000000000000266e-01,5.400000000000000355e-01
9.012751500000000873e-03,5.300000000000000266e-01,5.400000000000000355e-01
9.028760000000000258e-03,5.500000000000000444e-01,5.000000000000000000e-01
9.044768500000001377e-03,5.500000000000000444e-01,5.200000000000000178e-01
9.060777000000000761e-03,5.700000000000000622e-01,5.400000000000000355e-01
9.076785500000000145e-03,5.700000000000000622e-01,5.200000000000000178e-01
9.092794000000001264e-03,5.700000000000000622e-01,5.400000000000000355e-01
9.108802500000000649e-03,5.899999999999999689e-01,5.400000000000000355e-01
9.124811000000000033e-03,5.899999999999999689e-01,5.600000000000000533e-01
9.140819500000001152e-03,6.099999999999999867e-01,5.600000000000000533e-01
9.156828000000000536e-03,6.099999999999999867e-01,5.400000000000000355e-01
9.172836499999999921e-03,6.099999999999999867e-01,5.600000000000000533e-01
9.188845000000001040e-03,6.300000000000000044e-01,5.600000000000000533e-01
9.204853500000000424e-03,6.099999999999999867e-01,5.799999999999999600e-01
9.220862000000001543e-03,6.500000000000000222e-01,5.799999999999999600e-01
9.236870500000000928e-03,6.500000000000000222e-01,5.799999999999999600e-01
9.252879000000000312e-03,6.500000000000000222e-01,5.799999999999999600e-01
9.268887500000001431e-03,6.500000000000000222e-01,5.799999999999999600e-01
9.284896000000000815e-03,6.700000000000000400e-01,5.799999999999999600e-01
9.300904500000000200e-03,6.700000000000000400e-01,5.999999999999999778e-01
9.316913000000001319e-03,6.900000000000000577e-01,6.199999999999999956e-01
9.332921500000002438e-03,6.900000000000000577e-01,5.999999999999999778e-01
9.348930000000000087e-03,6.900000000000000577e-01,5.999999999999999778e-01
9.364938500000001206e-03,6.900000000000000577e-01,5.999999999999999778e-01
9.380947000000002325e-03,6.900000000000000577e-01,5.999999999999999778e-01
9.396955499999999975e-03,7.099999999999999645e-01,5.999999999999999778e-01
9.412964000000001094e-03,7.299999999999999822e-01,5.799999999999999600e-01
9.428972500000002213e-03,7.500000000000000000e-01,5.999999999999999778e-01
9.444980999999999863e-03,7.500000000000000000e-01,5.999999999999999778e-01
9.460989500000000982e-03,7.500000000000000000e-01,5.999999999999999778e-01
9.476998000000002101e-03,7.500000000000000000e-01,6.199999999999999956e-01
9.493006499999999750e-03,7.700000000000000178e-01,5.999999999999999778e-01
9.509015000000000870e-03,7.700000000000000178e-01,5.999999999999999778e-01
9.525023500000001989e-03,7.700000000000000178e-01,6.199999999999999956e-01
9.541031999999999638e-03,7.900000000000000355e-01,6.199999999999999956e-01
9.557040500000000757e-03,7.900000000000000355e-01,6.199999999999999956e-01
9.573049000000001876e-03,7.900000000000000355e-01,6.199999999999999956e-01
9.589057499999999526e-03,8.100000000000000533e-01,6.199999999999999956e-01
9.605066000000000645e-03,8.100000000000000533e-01,6.199999999999999956e-01
9.621074500000001764e-03,8.300000000000000711e-01,6.400000000000000133e-01
9.637082999999999414e-03,8.300000000000000711e-01,6.199999999999999956e-01
9.653091500000000533e-03,8.300000000000000711e-01,6.199999999999999956e-01
