-7.556000000000000216e-03,1.308000000000000052e+00,6.880000000000000560e-01
-7.539991499999999965e-03,1.308000000000000052e+00,6.720000000000000417e-01
-7.523983000000000580e-03,1.308000000000000052e+00,6.880000000000000560e-01
-7.507974500000000329e-03,1.316000000000000059e+00,6.880000000000000560e-01
-7.491966000000000077e-03,1.316000000000000059e+00,6.880000000000000560e-01
-7.475957499999999825e-03,1.316000000000000059e+00,6.720000000000000417e-01
-7.459949000000000441e-03,1.324000000000000066e+00,6.800000000000000488e-01
-7.443940500000000189e-03,1.324000000000000066e+00,6.800000000000000488e-01
-7.427931999999999937e-03,1.332000000000000073e+00,6.880000000000000560e-01
-7.411923500000000553e-03,1.324000000000000066e+00,6.960000000000000631e-01
-7.395915000000000301e-03,1.332000000000000073e+00,6.720000000000000417e-01
-7.379906500000000050e-03,1.332000000000000073e+00,6.880000000000000560e-01
-7.363897999999999798e-03,1.332000000000000073e+00,6.960000000000000631e-01
-7.347889500000000414e-03,1.332000000000000073e+00,6.800000000000000488e-01
-7.331881000000000162e-03,1.340000000000000080e+00,6.880000000000000560e-01
-7.315872499999999910e-03,1.340000000000000080e+00,6.800000000000000488e-01
-7.299864000000000526e-03,1.340000000000000080e+00,6.880000000000000560e-01
-7.283855500000000274e-03,1.348000000000000087e+00,6.880000000000000560e-01
-7.267847000000000023e-03,1.348000000000000087e+00,6.800000000000000488e-01
-7.251838499999999771e-03,1.348000000000000087e+00,6.880000000000000560e-01
-7.235830000000000387e-03,1.356000000000000094e+00,6.880000000000000560e-01
-7.219821500000000135e-03,1.348000000000000087e+00,6.800000000000000488e-01
-7.203812999999999883e-03,1.356000000000000094e+00,6.960000000000000631e-01
-7.187804500000000499e-03,1.356000000000000094e+00,6.880000000000000560e-01
-7.171796000000000247e-03,1.356000000000000094e+00,7.039999999999999591e-01
-7.155787499999999995e-03,1.364000000000000101e+00,6.800000000000000488e-01
-7.139779000000000611e-03,1.372000000000000108e+00,6.800000000000000488e-01
-7.123770500000000359e-03,1.364000000000000101e+00,6.880000000000000560e-01
-7.107762000000000108e-03,1.372000000000000108e+00,6.880000000000000560e-01
-7.091753499999999856e-03,1.372000000000000108e+00,6.960000000000000631e-01
-7.075745000000000472e-03,1.372000000000000108e+00,6.960000000000000631e-01
-7.059736500000000220e-03,1.372000000000000108e+00,6.880000000000000560e-01
-7.043727999999999968e-03,1.380000000000000115e+00,6.880000000000000560e-01
-7.027719499999999717e-03,1.380000000000000115e+00,6.800000000000000488e-01
-7.011711000000000332e-03,1.380000000000000115e+00,6.880000000000000560e-01
-6.995702500000000081e-03,1.380000000000000115e+00,6.880000000000000560e-01
-6.979693999999999829e-03,1.388000000000000123e+00,6.880000000000000560e-01
-6.963685500000000445e-03,1.388000000000000123e+00,6.800000000000000488e-01
-6.947677000000000193e-03,1.388000000000000123e+00,6.800000000000000488e-01
-6.931668499999999941e-03,1.396000000000000130e+00,6.720000000000000417e-01
-6.915660000000000557e-03,1.396000000000000130e+00,6.800000000000000488e-01
-6.899651500000000305e-03,1.396000000000000130e+00,6.720000000000000417e-01
-6.883643000000000053e-03,1.396000000000000130e+00,6.800000000000000488e-01
-6.867634499999999802e-03,1.396000000000000130e+00,6.880000000000000560e-01
-6.851626000000000417e-03,1.404000000000000137e+00,6.880000000000000560e-01
-6.835617500000000166e-03,1.404000000000000137e+00,6.960000000000000631e-01
-6.819608999999999914e-03,1.411999999999999922e+00,6.800000000000000488e-01
-6.803600500000000530e-03,1.411999999999999922e+00,6.960000000000000631e-01
-6.787592000000000278e-03,1.411999999999999922e+00,6.960000000000000631e-01
-6.771583500000000026e-03,1.419999999999999929e+00,7.039999999999999591e-01
-6.755574999999999775e-03,1.419999999999999929e+00,6.960000000000000631e-01
-6.739566500000000390e-03,1.419999999999999929e+00,6.640000000000000346e-01
-6.723558000000000139e-03,1.419999999999999929e+00,6.720000000000000417e-01
-6.707549499999999887e-03,1.427999999999999936e+00,6.960000000000000631e-01
-6.691541000000000503e-03,1.427999999999999936e+00,6.960000000000000631e-01
-6.675532500000000251e-03,1.427999999999999936e+00,6.880000000000000560e-01
-6.659523999999999999e-03,1.427999999999999936e+00,6.720000000000000417e-01
-6.643515500000000615e-03,1.427999999999999936e+00,6.800000000000000488e-01
-6.627507000000000363e-03,1.435999999999999943e+00,6.960000000000000631e-01
-6.611498500000000111e-03,1.435999999999999943e+00,6.720000000000000417e-01
-6.595489999999999860e-03,1.435999999999999943e+00,6.800000000000000488e-01
-6.579481500000000475e-03,1.435999999999999943e+00,6.800000000000000488e-01
-6.563473000000000224e-03,1.443999999999999950e+00,6.720000000000000417e-01
-6.547464499999999972e-03,1.443999999999999950e+00,6.960000000000000631e-01
-6.531455999999999720e-03,1.451999999999999957e+00,6.960000000000000631e-01
-6.515447500000000336e-03,1.451999999999999957e+00,6.800000000000000488e-01
-6.499439000000000084e-03,1.451999999999999957e+00,6.960000000000000631e-01
-6.483430499999999833e-03,1.451999999999999957e+00,6.800000000000000488e-01
-6.467422000000000448e-03,1.459999999999999964e+00,6.880000000000000560e-01
-6.451413500000000197e-03,1.459999999999999964e+00,7.039999999999999591e-01
-6.435404999999999945e-03,1.459999999999999964e+00,6.960000000000000631e-01
-6.419396500000000561e-03,1.467999999999999972e+00,6.880000000000000560e-01
-6.403388000000000309e-03,1.467999999999999972e+00,6.880000000000000560e-01
-6.387379500000000057e-03,1.467999999999999972e+00,6.960000000000000631e-01
-6.371371000000000673e-03,1.467999999999999972e+00,6.960000000000000631e-01
-6.355362500000000421e-03,1.475999999999999979e+00,6.720000000000000417e-01
-6.339354000000000169e-03,1.475999999999999979e+00,6.960000000000000631e-01
-6.323345499999999918e-03,1.483999999999999986e+00,6.800000000000000488e-01
-6.307336999999999666e-03,1.475999999999999979e+00,6.880000000000000560e-01
-6.291328500000000282e-03,1.483999999999999986e+00,6.960000000000000631e-01
-6.275320000000000030e-03,1.483999999999999986e+00,6.880000000000000560e-01
-6.259311499999999778e-03,1.483999999999999986e+00,6.880000000000000560e-01
-6.243303000000000394e-03,1.491999999999999993e+00,6.720000000000000417e-01
-6.227294500000000142e-03,1.491999999999999993e+00,7.039999999999999591e-01
-6.211285999999999891e-03,1.491999999999999993e+00,6.880000000000000560e-01
-6.195277500000000506e-03,1.491999999999999993e+00,6.720000000000000417e-01
-6.179269000000000255e-03,1.491999999999999993e+00,6.960000000000000631e-01
-6.163260500000000003e-03,1.500000000000000000e+00,6.880000000000000560e-01
-6.147252000000000619e-03,1.500000000000000000e+00,6.800000000000000488e-01
-6.131243500000000367e-03,1.500000000000000000e+00,7.039999999999999591e-01
-6.115235000000000115e-03,1.508000000000000007e+00,6.960000000000000631e-01
-6.099226499999999863e-03,1.508000000000000007e+00,6.960000000000000631e-01
-6.083217999999999612e-03,1.508000000000000007e+00,6.960000000000000631e-01
-6.067209500000000227e-03,1.508000000000000007e+00,6.960000000000000631e-01
-6.051200999999999976e-03,1.516000000000000014e+00,6.960000000000000631e-01
-6.035192499999999724e-03,1.516000000000000014e+00,6.960000000000000631e-01
-6.019184000000000340e-03,1.516000000000000014e+00,6.800000000000000488e-01
-6.003175500000000088e-03,1.524000000000000021e+00,6.800000000000000488e-01
-5.987166999999999836e-03,1.524000000000000021e+00,6.720000000000000417e-01
-5.971158500000000452e-03,1.524000000000000021e+00,6.960000000000000631e-01
-5.955150000000000200e-03,1.524000000000000021e+00,6.880000000000000560e-01
-5.939141499999999949e-03,1.532000000000000028e+00,6.880000000000000560e-01
-5.923133000000000564e-03,1.532000000000000028e+00,6.960000000000000631e-01
-5.907124500000000313e-03,1.540000000000000036e+00,6.880000000000000560e-01
-5.891116000000000061e-03,1.540000000000000036e+00,6.880000000000000560e-01
-5.875107499999999809e-03,1.540000000000000036e+00,6.880000000000000560e-01
-5.859099000000000425e-03,1.548000000000000043e+00,6.880000000000000560e-01
-5.843090500000000173e-03,1.540000000000000036e+00,6.960000000000000631e-01
-5.827081999999999921e-03,1.548000000000000043e+00,6.880000000000000560e-01
-5.811073499999999670e-03,1.540000000000000036e+00,6.960000000000000631e-01
-5.795065000000000285e-03,1.548000000000000043e+00,6.800000000000000488e-01
-5.779056500000000034e-03,1.548000000000000043e+00,6.960000000000000631e-01
-5.763047999999999782e-03,1.556000000000000050e+00,6.880000000000000560e-01
-5.747039500000000398e-03,1.556000000000000050e+00,6.960000000000000631e-01
-5.731031000000000146e-03,1.564000000000000057e+00,6.960000000000000631e-01
-5.715022499999999894e-03,1.564000000000000057e+00,6.880000000000000560e-01
-5.699014000000000510e-03,1.564000000000000057e+00,6.960000000000000631e-01
-5.683005500000000258e-03,1.556000000000000050e+00,6.880000000000000560e-01
-5.666997000000000007e-03,1.564000000000000057e+00,6.800000000000000488e-01
-5.650988500000000622e-03,2.040000000000000147e-01,5.999999999999999778e-01
-5.634980000000000371e-03,1.200000000000000025e-02,0.000000000000000000e+00
-5.618971500000000119e-03,1.200000000000000025e-02,8.000000000000000167e-03
-5.602962999999999867e-03,1.200000000000000025e-02,8.000000000000000167e-03
-5.586954499999999615e-03,2.000000000000000042e-02,2.400000000000000050e-02
-5.570946000000000231e-03,2.000000000000000042e-02,1.600000000000000033e-02
-5.554937499999999979e-03,2.800000000000000058e-02,3.200000000000000067e-02
-5.538928999999999728e-03,2.800000000000000058e-02,2.400000000000000050e-02
-5.522920500000000343e-03,2.800000000000000058e-02,3.200000000000000067e-02
-5.506912000000000092e-03,3.600000000000000422e-02,4.000000000000000083e-02
-5.490903499999999840e-03,3.600000000000000422e-02,2.400000000000000050e-02
-5.474895000000000456e-03,3.600000000000000422e-02,4.000000000000000083e-02
-5.458886500000000204e-03,4.399999999999999745e-02,4.800000000000000100e-02
-5.442877999999999952e-03,4.399999999999999745e-02,4.000000000000000083e-02
-5.426869500000000568e-03,5.200000000000000455e-02,4.000000000000000083e-02
-5.410860999999999449e-03,4.399999999999999745e-02,4.800000000000000100e-02
-5.394852500000000065e-03,5.200000000000000455e-02,5.600000000000000117e-02
-5.378844000000000680e-03,5.200000000000000455e-02,5.600000000000000117e-02
-5.362835499999999561e-03,5.999999999999999778e-02,5.600000000000000117e-02
-5.346827000000000177e-03,6.800000000000000488e-02,6.400000000000000133e-02
-5.330818499999999925e-03,7.599999999999999811e-02,7.200000000000000844e-02
-5.314809999999999673e-03,6.800000000000000488e-02,7.200000000000000844e-02
-5.298801500000000289e-03,7.599999999999999811e-02,8.000000000000000167e-02
-5.282793000000000037e-03,7.599999999999999811e-02,8.000000000000000167e-02
-5.266784499999999786e-03,8.400000000000000522e-02,8.799999999999999489e-02
-5.250776000000000401e-03,8.400000000000000522e-02,8.799999999999999489e-02
-5.234767500000000150e-03,8.400000000000000522e-02,8.799999999999999489e-02
-5.218758999999999898e-03,8.400000000000000522e-02,8.799999999999999489e-02
-5.202750500000000514e-03,9.199999999999999845e-02,8.000000000000000167e-02
-5.186742000000000262e-03,9.199999999999999845e-02,9.600000000000000200e-02
-5.170733500000000010e-03,1.000000000000000056e-01,1.040000000000000091e-01
-5.154725000000000626e-03,1.079999999999999988e-01,1.040000000000000091e-01
-5.138716499999999507e-03,1.079999999999999988e-01,9.600000000000000200e-02
-5.122708000000000123e-03,1.079999999999999988e-01,1.120000000000000023e-01
-5.106699499999999871e-03,1.160000000000000059e-01,1.040000000000000091e-01
-5.090690999999999619e-03,1.160000000000000059e-01,1.199999999999999956e-01
-5.074682500000000235e-03,1.160000000000000059e-01,1.120000000000000023e-01
-5.058673999999999983e-03,1.239999999999999991e-01,1.120000000000000023e-01
-5.042665499999999731e-03,1.239999999999999991e-01,1.199999999999999956e-01
-5.026657000000000347e-03,1.320000000000000062e-01,1.360000000000000098e-01
-5.010648500000000095e-03,1.320000000000000062e-01,1.360000000000000098e-01
-4.994639999999999844e-03,1.400000000000000133e-01,1.519999999999999962e-01
-4.978631500000000459e-03,1.400000000000000133e-01,1.360000000000000098e-01
-4.962623000000000208e-03,1.400000000000000133e-01,1.440000000000000169e-01
-4.946614499999999956e-03,1.400000000000000133e-01,1.440000000000000169e-01
-4.930606000000000572e-03,1.479999999999999927e-01,1.600000000000000033e-01
-4.914597499999999453e-03,1.479999999999999927e-01,1.440000000000000169e-01
-4.898589000000000068e-03,1.559999999999999998e-01,1.519999999999999962e-01
-4.882580500000000684e-03,1.559999999999999998e-01,1.680000000000000104e-01
-4.866571999999999565e-03,1.559999999999999998e-01,1.600000000000000033e-01
-4.850563500000000181e-03,1.640000000000000069e-01,1.680000000000000104e-01
-4.834554999999999929e-03,1.640000000000000069e-01,1.680000000000000104e-01
-4.818546499999999677e-03,1.640000000000000069e-01,1.839999999999999969e-01
-4.802538000000000293e-03,1.720000000000000140e-01,1.680000000000000104e-01
-4.786529500000000041e-03,1.720000000000000140e-01,1.839999999999999969e-01
-4.770520999999999789e-03,1.799999999999999933e-01,1.759999999999999898e-01
-4.754512500000000405e-03,1.799999999999999933e-01,1.839999999999999969e-01
-4.738504000000000153e-03,1.880000000000000004e-01,1.920000000000000040e-01
-4.722495499999999902e-03,1.880000000000000004e-01,1.920000000000000040e-01
-4.706487000000000517e-03,1.880000000000000004e-01,2.000000000000000111e-01
-4.690478499999999398e-03,1.960000000000000075e-01,2.080000000000000182e-01
-4.674470000000000014e-03,1.960000000000000075e-01,2.000000000000000111e-01
-4.658461500000000630e-03,2.040000000000000147e-01,2.080000000000000182e-01
-4.642452999999999511e-03,2.040000000000000147e-01,2.000000000000000111e-01
-4.626444500000000126e-03,2.040000000000000147e-01,2.000000000000000111e-01
-4.610435999999999875e-03,2.119999999999999940e-01,2.080000000000000182e-01
-4.594427499999999623e-03,2.119999999999999940e-01,2.240000000000000047e-01
-4.578419000000000239e-03,2.119999999999999940e-01,2.240000000000000047e-01
-4.562410499999999987e-03,2.200000000000000011e-01,2.080000000000000182e-01
-4.546401999999999735e-03,2.280000000000000082e-01,2.320000000000000118e-01
-4.530393500000000351e-03,2.280000000000000082e-01,2.320000000000000118e-01
-4.514385000000000099e-03,2.280000000000000082e-01,2.320000000000000118e-01
-4.498376499999999847e-03,2.360000000000000153e-01,2.320000000000000118e-01
-4.482368000000000463e-03,2.280000000000000082e-01,2.399999999999999911e-01
-4.466359500000000211e-03,2.439999999999999947e-01,2.479999999999999982e-01
-4.450350999999999960e-03,2.439999999999999947e-01,2.399999999999999911e-01
-4.434342500000000575e-03,2.439999999999999947e-01,2.399999999999999911e-01
-4.418333999999999456e-03,2.439999999999999947e-01,2.399999999999999911e-01
-4.402325500000000072e-03,2.520000000000000018e-01,2.640000000000000124e-01
-4.386316999999999820e-03,2.520000000000000018e-01,2.479999999999999982e-01
-4.370308499999999569e-03,2.600000000000000089e-01,2.640000000000000124e-01
-4.354300000000000184e-03,2.680000000000000160e-01,2.560000000000000053e-01
-4.338291499999999933e-03,2.680000000000000160e-01,2.720000000000000195e-01
-4.322282999999999681e-03,2.680000000000000160e-01,2.560000000000000053e-01
-4.306274500000000297e-03,2.760000000000000231e-01,2.800000000000000266e-01
-4.290266000000000045e-03,2.760000000000000231e-01,2.800000000000000266e-01
-4.274257499999999793e-03,2.760000000000000231e-01,2.720000000000000195e-01
-4.258249000000000409e-03,2.840000000000000302e-01,2.800000000000000266e-01
-4.242240500000000157e-03,2.840000000000000302e-01,2.800000000000000266e-01
-4.226231999999999905e-03,2.919999999999999818e-01,2.880000000000000338e-01
-4.210223500000000521e-03,2.919999999999999818e-01,2.959999999999999853e-01
-4.194214999999999402e-03,2.919999999999999818e-01,2.880000000000000338e-01
-4.178206500000000018e-03,2.919999999999999818e-01,3.039999999999999925e-01
-4.162198000000000633e-03,2.999999999999999889e-01,2.959999999999999853e-01
-4.146189499999999514e-03,3.079999999999999960e-01,3.039999999999999925e-01
-4.130181000000000130e-03,3.079999999999999960e-01,2.880000000000000338e-01
-4.114172499999999878e-03,3.079999999999999960e-01,3.200000000000000067e-01
-4.098163999999999627e-03,3.160000000000000031e-01,3.039999999999999925e-01
-4.082155500000000242e-03,3.160000000000000031e-01,3.119999999999999996e-01
-4.066146999999999991e-03,3.240000000000000102e-01,3.280000000000000138e-01
-4.050138499999999739e-03,3.240000000000000102e-01,3.119999999999999996e-01
-4.034130000000000354e-03,3.240000000000000102e-01,3.360000000000000209e-01
-4.018121500000000103e-03,3.320000000000000173e-01,3.200000000000000067e-01
-4.002112999999999851e-03,3.320000000000000173e-01,3.360000000000000209e-01
-3.986104500000000467e-03,3.400000000000000244e-01,3.360000000000000209e-01
-3.970096000000000215e-03,3.400000000000000244e-01,3.440000000000000280e-01
-3.954087499999999963e-03,3.400000000000000244e-01,3.440000000000000280e-01
-3.938079000000000579e-03,3.480000000000000315e-01,3.440000000000000280e-01
-3.922070499999999460e-03,3.480000000000000315e-01,3.440000000000000280e-01
-3.906062000000000076e-03,3.480000000000000315e-01,3.519999999999999796e-01
-3.890053499999999824e-03,3.559999999999999831e-01,3.679999999999999938e-01
-3.874045000000000006e-03,3.559999999999999831e-01,3.519999999999999796e-01
-3.858036500000000188e-03,3.559999999999999831e-01,3.679999999999999938e-01
-3.842027999999999936e-03,3.639999999999999902e-01,3.679999999999999938e-01
-3.826019500000000118e-03,3.719999999999999973e-01,3.679999999999999938e-01
-3.810010999999999867e-03,3.719999999999999973e-01,3.679999999999999938e-01
-3.794002500000000049e-03,3.719999999999999973e-01,3.679999999999999938e-01
-3.777993999999999797e-03,3.800000000000000044e-01,3.760000000000000009e-01
-3.761985499999999979e-03,3.800000000000000044e-01,3.840000000000000080e-01
-3.745977000000000161e-03,3.880000000000000115e-01,3.840000000000000080e-01
-3.729968499999999909e-03,3.880000000000000115e-01,3.840000000000000080e-01
-3.713960000000000091e-03,3.880000000000000115e-01,4.000000000000000222e-01
-3.697951499999999839e-03,3.960000000000000187e-01,4.000000000000000222e-01
-3.681943000000000021e-03,3.960000000000000187e-01,3.920000000000000151e-01
-3.665934499999999770e-03,3.960000000000000187e-01,4.080000000000000293e-01
-3.649925999999999952e-03,4.040000000000000258e-01,3.840000000000000080e-01
-3.633917500000000134e-03,4.040000000000000258e-01,4.239999999999999880e-01
-3.617908999999999882e-03,4.120000000000000329e-01,4.080000000000000293e-01
-3.601900499999999630e-03,4.120000000000000329e-01,4.239999999999999880e-01
-3.585892000000000246e-03,4.120000000000000329e-01,4.080000000000000293e-01
-3.569883499999999994e-03,4.120000000000000329e-01,4.000000000000000222e-01
-3.553874999999999743e-03,4.199999999999999845e-01,4.160000000000000364e-01
-3.537866500000000358e-03,4.279999999999999916e-01,4.239999999999999880e-01
-3.521858000000000107e-03,4.279999999999999916e-01,4.319999999999999951e-01
-3.505849499999999855e-03,4.279999999999999916e-01,4.319999999999999951e-01
-3.489840999999999603e-03,4.359999999999999987e-01,4.319999999999999951e-01
-3.473832500000000219e-03,4.359999999999999987e-01,4.400000000000000022e-01
-3.457823999999999967e-03,4.359999999999999987e-01,4.319999999999999951e-01
-3.441815499999999715e-03,4.440000000000000058e-01,4.400000000000000022e-01
-3.425807000000000331e-03,4.440000000000000058e-01,4.480000000000000093e-01
-3.409798500000000079e-03,4.520000000000000129e-01,4.480000000000000093e-01
-3.393789999999999828e-03,4.520000000000000129e-01,4.560000000000000164e-01
-3.377781499999999576e-03,4.520000000000000129e-01,4.560000000000000164e-01
-3.361773000000000192e-03,4.600000000000000200e-01,4.640000000000000235e-01
-3.345764499999999940e-03,4.680000000000000271e-01,4.319999999999999951e-01
-3.329755999999999688e-03,4.600000000000000200e-01,4.640000000000000235e-01
-3.313747500000000304e-03,4.680000000000000271e-01,4.640000000000000235e-01
-3.297739000000000052e-03,4.680000000000000271e-01,4.720000000000000306e-01
-3.281730499999999801e-03,4.760000000000000342e-01,4.799999999999999822e-01
-3.265721999999999549e-03,4.760000000000000342e-01,4.720000000000000306e-01
-3.249713500000000165e-03,4.839999999999999858e-01,4.640000000000000235e-01
-3.233704999999999913e-03,4.839999999999999858e-01,4.720000000000000306e-01
-3.217696499999999661e-03,4.839999999999999858e-01,4.799999999999999822e-01
-3.201688000000000277e-03,4.919999999999999929e-01,4.720000000000000306e-01
-3.185679500000000025e-03,4.919999999999999929e-01,4.720000000000000306e-01
-3.169670999999999773e-03,4.919999999999999929e-01,4.959999999999999964e-01
-3.153662499999999522e-03,4.919999999999999929e-01,4.959999999999999964e-01
-3.137654000000000137e-03,5.000000000000000000e-01,4.879999999999999893e-01
-3.121645499999999886e-03,5.080000000000000071e-01,4.879999999999999893e-01
-3.105636999999999634e-03,5.080000000000000071e-01,4.959999999999999964e-01
-3.089628500000000250e-03,5.080000000000000071e-01,4.879999999999999893e-01
-3.073619999999999998e-03,5.160000000000000142e-01,4.799999999999999822e-01
-3.057611499999999746e-03,5.240000000000000213e-01,4.959999999999999964e-01
-3.041603000000000362e-03,5.160000000000000142e-01,5.120000000000000107e-01
-3.025594500000000110e-03,5.160000000000000142e-01,5.040000000000000036e-01
-3.009585999999999859e-03,5.240000000000000213e-01,4.959999999999999964e-01
-2.993577499999999607e-03,5.240000000000000213e-01,5.040000000000000036e-01
-2.977569000000000222e-03,5.240000000000000213e-01,5.040000000000000036e-01
-2.961560499999999971e-03,5.320000000000000284e-01,5.200000000000000178e-01
-2.945551999999999719e-03,5.320000000000000284e-01,5.280000000000000249e-01
-2.929543500000000335e-03,5.400000000000000355e-01,5.120000000000000107e-01
-2.913535000000000083e-03,5.400000000000000355e-01,5.200000000000000178e-01
-2.897526499999999831e-03,5.400000000000000355e-01,5.360000000000000320e-01
-2.881517999999999580e-03,5.400000000000000355e-01,5.200000000000000178e-01
-2.865509500000000195e-03,5.400000000000000355e-01,5.200000000000000178e-01
-2.849500999999999944e-03,5.480000000000000426e-01,5.120000000000000107e-01
-2.833492499999999692e-03,5.560000000000000497e-01,5.200000000000000178e-01
-2.817484000000000308e-03,5.560000000000000497e-01,5.360000000000000320e-01
-2.801475500000000056e-03,5.560000000000000497e-01,5.200000000000000178e-01
-2.785466999999999804e-03,5.560000000000000497e-01,5.200000000000000178e-01
-2.769458499999999553e-03,5.640000000000000568e-01,5.280000000000000249e-01
-2.753450000000000168e-03,5.640000000000000568e-01,5.360000000000000320e-01
-2.737441499999999917e-03,5.640000000000000568e-01,5.280000000000000249e-01
-2.721432999999999665e-03,5.720000000000000639e-01,5.280000000000000249e-01
-2.705424500000000280e-03,5.720000000000000639e-01,5.600000000000000533e-01
-2.689416000000000029e-03,5.799999999999999600e-01,5.440000000000000391e-01
-2.673407499999999777e-03,5.799999999999999600e-01,5.440000000000000391e-01
-2.657398999999999525e-03,5.799999999999999600e-01,5.360000000000000320e-01
-2.641390500000000141e-03,5.879999999999999671e-01,5.440000000000000391e-01
-2.625381999999999889e-03,5.879999999999999671e-01,5.360000000000000320e-01
-2.609373499999999638e-03,5.879999999999999671e-01,5.520000000000000462e-01
-2.593365000000000253e-03,5.879999999999999671e-01,5.520000000000000462e-01
-2.577356500000000002e-03,5.959999999999999742e-01,5.520000000000000462e-01
-2.561347999999999750e-03,5.959999999999999742e-01,5.520000000000000462e-01
-2.545339499999999498e-03,6.039999999999999813e-01,5.680000000000000604e-01
-2.529331000000000114e-03,6.039999999999999813e-01,5.440000000000000391e-01
-2.513322499999999862e-03,6.039999999999999813e-01,5.520000000000000462e-01
-2.497313999999999611e-03,6.119999999999999885e-01,5.600000000000000533e-01
-2.481305500000000226e-03,6.039999999999999813e-01,5.680000000000000604e-01
-2.465296999999999975e-03,6.119999999999999885e-01,5.600000000000000533e-01
-2.449288499999999723e-03,6.119999999999999885e-01,5.520000000000000462e-01
-2.433279999999999471e-03,6.119999999999999885e-01,5.600000000000000533e-01
-2.417271500000000087e-03,6.199999999999999956e-01,5.680000000000000604e-01
-2.401262999999999835e-03,6.199999999999999956e-01,5.520000000000000462e-01
-2.385254499999999583e-03,6.199999999999999956e-01,5.680000000000000604e-01
-2.369246000000000199e-03,6.280000000000000027e-01,5.760000000000000675e-01
-2.353237499999999947e-03,6.280000000000000027e-01,5.600000000000000533e-01
-2.337228999999999696e-03,6.280000000000000027e-01,5.680000000000000604e-01
-2.321220500000000311e-03,6.280000000000000027e-01,5.680000000000000604e-01
-2.305212000000000060e-03,6.360000000000000098e-01,5.680000000000000604e-01
-2.289203499999999808e-03,6.360000000000000098e-01,5.680000000000000604e-01
-2.273194999999999556e-03,6.440000000000000169e-01,5.680000000000000604e-01
-2.257186500000000172e-03,6.440000000000000169e-01,5.839999999999999636e-01
-2.241177999999999920e-03,6.440000000000000169e-01,5.680000000000000604e-01
-2.225169499999999669e-03,6.520000000000000240e-01,5.760000000000000675e-01
-2.209161000000000284e-03,6.520000000000000240e-01,5.680000000000000604e-01
-2.193152500000000032e-03,6.600000000000000311e-01,5.760000000000000675e-01
-2.177143999999999781e-03,6.600000000000000311e-01,5.839999999999999636e-01
-2.161135499999999529e-03,6.600000000000000311e-01,5.760000000000000675e-01
-2.145127000000000145e-03,6.600000000000000311e-01,5.839999999999999636e-01
-2.129118499999999893e-03,6.600000000000000311e-01,5.760000000000000675e-01
-2.113109999999999641e-03,6.680000000000000382e-01,5.760000000000000675e-01
-2.097101500000000257e-03,6.680000000000000382e-01,5.839999999999999636e-01
-2.081093000000000005e-03,6.760000000000000453e-01,5.680000000000000604e-01
-2.065084499999999754e-03,6.680000000000000382e-01,5.919999999999999707e-01
-2.049075999999999502e-03,6.760000000000000453e-01,5.760000000000000675e-01
-2.033067500000000118e-03,6.840000000000000524e-01,5.919999999999999707e-01
-2.017058999999999866e-03,6.840000000000000524e-01,5.600000000000000533e-01
-2.001050499999999614e-03,6.840000000000000524e-01,5.839999999999999636e-01
-1.985042000000000230e-03,6.840000000000000524e-01,5.839999999999999636e-01
-1.969033499999999978e-03,6.920000000000000595e-01,5.760000000000000675e-01
-1.953024999999999727e-03,6.920000000000000595e-01,5.919999999999999707e-01
-1.937016499999999475e-03,6.920000000000000595e-01,5.760000000000000675e-01
-1.921008000000000090e-03,6.920000000000000595e-01,5.919999999999999707e-01
-1.904999499999999839e-03,7.000000000000000666e-01,5.839999999999999636e-01
-1.888990999999999587e-03,7.000000000000000666e-01,5.919999999999999707e-01
-1.872982500000000203e-03,7.000000000000000666e-01,6.159999999999999920e-01
-1.856973999999999951e-03,7.079999999999999627e-01,5.839999999999999636e-01
-1.840965499999999699e-03,7.079999999999999627e-01,5.839999999999999636e-01
-1.824956999999999448e-03,7.079999999999999627e-01,5.919999999999999707e-01
-1.808948500000000063e-03,7.159999999999999698e-01,5.839999999999999636e-01
-1.792939999999999812e-03,7.159999999999999698e-01,5.999999999999999778e-01
-1.776931499999999560e-03,7.159999999999999698e-01,5.999999999999999778e-01
-1.760923000000000176e-03,7.159999999999999698e-01,5.919999999999999707e-01
-1.744914499999999924e-03,7.239999999999999769e-01,5.839999999999999636e-01
-1.728905999999999672e-03,7.239999999999999769e-01,5.999999999999999778e-01
-1.712897500000000288e-03,7.319999999999999840e-01,5.999999999999999778e-01
-1.696889000000000036e-03,7.319999999999999840e-01,6.079999999999999849e-01
-1.680880499999999785e-03,7.319999999999999840e-01,5.919999999999999707e-01
-1.664871999999999533e-03,7.319999999999999840e-01,5.999999999999999778e-01
-1.648863500000000148e-03,7.319999999999999840e-01,5.919999999999999707e-01
-1.632854999999999897e-03,7.399999999999999911e-01,5.839999999999999636e-01
-1.616846499999999645e-03,7.399999999999999911e-01,6.159999999999999920e-01
-1.600838000000000261e-03,7.399999999999999911e-01,5.919999999999999707e-01
-1.584829500000000009e-03,7.399999999999999911e-01,5.999999999999999778e-01
-1.568820999999999757e-03,7.399999999999999911e-01,5.919999999999999707e-01
-1.552812499999999506e-03,7.479999999999999982e-01,5.999999999999999778e-01
-1.536804000000000121e-03,7.479999999999999982e-01,5.999999999999999778e-01
-1.520795499999999870e-03,7.479999999999999982e-01,5.999999999999999778e-01
-1.504786999999999618e-03,7.560000000000000053e-01,6.079999999999999849e-01
-1.488778500000000234e-03,7.560000000000000053e-01,6.079999999999999849e-01
-1.472769999999999982e-03,7.640000000000000124e-01,6.079999999999999849e-01
-1.456761499999999730e-03,7.640000000000000124e-01,6.239999999999999991e-01
-1.440752999999999479e-03,7.640000000000000124e-01,6.239999999999999991e-01
-1.424744500000000094e-03,7.640000000000000124e-01,6.079999999999999849e-01
-1.408735999999999843e-03,7.640000000000000124e-01,6.159999999999999920e-01
-1.392727499999999591e-03,7.720000000000000195e-01,5.999999999999999778e-01
-1.376719000000000206e-03,7.720000000000000195e-01,6.159999999999999920e-01
-1.360710499999999955e-03,7.720000000000000195e-01,6.239999999999999991e-01
-1.344701999999999703e-03,7.720000000000000195e-01,6.079999999999999849e-01
-1.328693499999999451e-03,7.800000000000000266e-01,6.239999999999999991e-01
-1.312685000000000067e-03,7.800000000000000266e-01,6.079999999999999849e-01
-1.296676499999999815e-03,7.800000000000000266e-01,6.079999999999999849e-01
-1.280667999999999564e-03,7.880000000000000338e-01,6.320000000000000062e-01
-1.264659500000000179e-03,7.880000000000000338e-01,6.159999999999999920e-01
-1.248650999999999928e-03,7.880000000000000338e-01,6.239999999999999991e-01
-1.232642499999999676e-03,7.960000000000000409e-01,6.159999999999999920e-01
-1.216633999999999424e-03,7.960000000000000409e-01,6.239999999999999991e-01
-1.200625500000000040e-03,7.960000000000000409e-01,6.079999999999999849e-01
-1.184616999999999788e-03,8.040000000000000480e-01,5.839999999999999636e-01
-1.168608499999999537e-03,8.040000000000000480e-01,6.079999999999999849e-01
-1.152600000000000152e-03,8.120000000000000551e-01,6.079999999999999849e-01
-1.136591499999999900e-03,8.120000000000000551e-01,6.079999999999999849e-01
-1.120582999999999649e-03,8.040000000000000480e-01,6.159999999999999920e-01
-1.104574499999999397e-03,8.120000000000000551e-01,6.079999999999999849e-01
-1.088566000000000013e-03,8.200000000000000622e-01,6.079999999999999849e-01
-1.072557499999999761e-03,8.120000000000000551e-01,6.239999999999999991e-01
-1.056548999999999509e-03,8.200000000000000622e-01,6.239999999999999991e-01
-1.040540500000000125e-03,8.200000000000000622e-01,6.320000000000000062e-01
-1.024531999999999873e-03,8.200000000000000622e-01,6.159999999999999920e-01
-1.008523499999999622e-03,8.280000000000000693e-01,6.239999999999999991e-01
-9.925150000000002373e-04,8.280000000000000693e-01,6.400000000000000133e-01
-9.765064999999999856e-04,8.280000000000000693e-01,6.159999999999999920e-01
-9.604979999999997339e-04,8.280000000000000693e-01,6.400000000000000133e-01
-9.444894999999994822e-04,8.359999999999999654e-01,6.239999999999999991e-01
-9.284810000000000979e-04,8.359999999999999654e-01,6.079999999999999849e-01
-9.124724999999998462e-04,8.359999999999999654e-01,6.320000000000000062e-01
-8.964639999999995945e-04,8.439999999999999725e-01,6.159999999999999920e-01
-8.804555000000002102e-04,8.519999999999999796e-01,6.320000000000000062e-01
-8.644469999999999585e-04,8.519999999999999796e-01,6.239999999999999991e-01
-8.484384999999997068e-04,8.519999999999999796e-01,6.159999999999999920e-01
-8.324299999999994551e-04,8.519999999999999796e-01,6.320000000000000062e-01
-8.164215000000000708e-04,8.519999999999999796e-01,6.159999999999999920e-01
-8.004129999999998191e-04,8.519999999999999796e-01,6.320000000000000062e-01
-7.844044999999995674e-04,8.599999999999999867e-01,6.320000000000000062e-01
-7.683960000000001830e-04,8.679999999999999938e-01,6.079999999999999849e-01
-7.523874999999999313e-04,8.599999999999999867e-01,6.320000000000000062e-01
-7.363789999999996796e-04,8.760000000000000009e-01,6.320000000000000062e-01
-7.203704999999994280e-04,8.760000000000000009e-01,6.320000000000000062e-01
-7.043620000000000436e-04,8.760000000000000009e-01,6.320000000000000062e-01
-6.883534999999997919e-04,8.679999999999999938e-01,6.159999999999999920e-01
-6.723449999999995402e-04,8.679999999999999938e-01,6.320000000000000062e-01
-6.563365000000001559e-04,8.760000000000000009e-01,6.159999999999999920e-01
-6.403279999999999042e-04,8.760000000000000009e-01,6.320000000000000062e-01
-6.243194999999996525e-04,8.760000000000000009e-01,6.480000000000000204e-01
-6.083109999999994008e-04,8.840000000000000080e-01,6.320000000000000062e-01
-5.923025000000000165e-04,8.920000000000000151e-01,6.159999999999999920e-01
-5.762939999999997648e-04,8.920000000000000151e-01,6.239999999999999991e-01
-5.602854999999995131e-04,8.920000000000000151e-01,6.400000000000000133e-01
-5.442770000000001288e-04,8.920000000000000151e-01,6.320000000000000062e-01
-5.282684999999998771e-04,9.000000000000000222e-01,6.320000000000000062e-01
-5.122599999999996254e-04,9.000000000000000222e-01,6.480000000000000204e-01
-4.962514999999993737e-04,9.000000000000000222e-01,6.239999999999999991e-01
-4.802429999999999893e-04,9.000000000000000222e-01,6.400000000000000133e-01
-4.642344999999997376e-04,9.080000000000000293e-01,6.400000000000000133e-01
-4.482259999999994859e-04,9.080000000000000293e-01,6.400000000000000133e-01
-4.322175000000001016e-04,9.080000000000000293e-01,6.560000000000000275e-01
-4.162089999999998499e-04,9.160000000000000364e-01,6.400000000000000133e-01
-4.002004999999995982e-04,9.080000000000000293e-01,6.320000000000000062e-01
-3.841920000000002139e-04,9.160000000000000364e-01,6.320000000000000062e-01
-3.681834999999999622e-04,9.160000000000000364e-01,6.400000000000000133e-01
-3.521749999999997105e-04,9.240000000000000435e-01,6.159999999999999920e-01
-3.361664999999994588e-04,9.240000000000000435e-01,6.400000000000000133e-01
-3.201580000000000745e-04,9.240000000000000435e-01,6.400000000000000133e-01
-3.041494999999998228e-04,9.240000000000000435e-01,6.400000000000000133e-01
-2.881409999999995711e-04,9.240000000000000435e-01,6.320000000000000062e-01
-2.721325000000001867e-04,9.320000000000000506e-01,6.400000000000000133e-01
-2.561239999999999351e-04,9.320000000000000506e-01,6.400000000000000133e-01
-2.401154999999996834e-04,9.320000000000000506e-01,6.400000000000000133e-01
-2.241069999999994317e-04,9.400000000000000577e-01,6.480000000000000204e-01
-2.080985000000000473e-04,9.400000000000000577e-01,6.480000000000000204e-01
-1.920899999999997956e-04,9.400000000000000577e-01,6.640000000000000346e-01
-1.760814999999995439e-04,9.480000000000000648e-01,6.400000000000000133e-01
-1.600730000000001596e-04,9.480000000000000648e-01,6.560000000000000275e-01
-1.440644999999999079e-04,9.560000000000000719e-01,6.400000000000000133e-01
-1.280559999999996562e-04,9.480000000000000648e-01,6.560000000000000275e-01
-1.120474999999994045e-04,9.560000000000000719e-01,6.400000000000000133e-01
-9.603900000000002019e-05,9.480000000000000648e-01,6.400000000000000133e-01
-8.003049999999976849e-05,9.560000000000000719e-01,6.560000000000000275e-01
-6.402199999999951679e-05,9.560000000000000719e-01,6.480000000000000204e-01
-4.801350000000013246e-05,9.639999999999999680e-01,6.400000000000000133e-01
-3.200499999999988077e-05,9.560000000000000719e-01,6.480000000000000204e-01
-1.599649999999962907e-05,9.639999999999999680e-01,6.320000000000000062e-01
1.200000000062262373e-08,9.719999999999999751e-01,6.400000000000000133e-01
1.602050000000000696e-05,9.719999999999999751e-01,6.400000000000000133e-01
3.202900000000025865e-05,9.799999999999999822e-01,6.400000000000000133e-01
4.803750000000051035e-05,9.719999999999999751e-01,6.239999999999999991e-01
6.404599999999989468e-05,9.719999999999999751e-01,6.560000000000000275e-01
8.005450000000014638e-05,9.799999999999999822e-01,6.400000000000000133e-01
9.606300000000039807e-05,9.799999999999999822e-01,6.480000000000000204e-01
1.120715000000006498e-04,9.879999999999999893e-01,6.480000000000000204e-01
1.280800000000000341e-04,9.879999999999999893e-01,6.480000000000000204e-01
1.440885000000002858e-04,9.879999999999999893e-01,6.480000000000000204e-01
1.600970000000005375e-04,9.879999999999999893e-01,6.400000000000000133e-01
1.761054999999999218e-04,9.959999999999999964e-01,6.400000000000000133e-01
1.921140000000001735e-04,9.959999999999999964e-01,6.560000000000000275e-01
2.081225000000004252e-04,9.959999999999999964e-01,6.480000000000000204e-01
2.241310000000006769e-04,1.004000000000000004e+00,6.720000000000000417e-01
2.401395000000000612e-04,1.004000000000000004e+00,6.400000000000000133e-01
2.561480000000003129e-04,1.004000000000000004e+00,6.320000000000000062e-01
2.721565000000005646e-04,1.004000000000000004e+00,6.560000000000000275e-01
2.881649999999999490e-04,1.012000000000000011e+00,6.480000000000000204e-01
3.041735000000010680e-04,1.012000000000000011e+00,6.480000000000000204e-01
3.201820000000004524e-04,1.012000000000000011e+00,6.400000000000000133e-01
3.361904999999998367e-04,1.012000000000000011e+00,6.480000000000000204e-01
3.521990000000009557e-04,1.012000000000000011e+00,6.400000000000000133e-01
3.682075000000003401e-04,1.020000000000000018e+00,6.480000000000000204e-01
3.842159999999997244e-04,1.020000000000000018e+00,6.480000000000000204e-01
4.002245000000008435e-04,1.020000000000000018e+00,6.480000000000000204e-01
4.162330000000002278e-04,1.028000000000000025e+00,6.560000000000000275e-01
4.322414999999996121e-04,1.028000000000000025e+00,6.560000000000000275e-01
4.482500000000007312e-04,1.028000000000000025e+00,6.480000000000000204e-01
4.642585000000001155e-04,1.028000000000000025e+00,6.400000000000000133e-01
4.802669999999994999e-04,1.044000000000000039e+00,6.480000000000000204e-01
4.962755000000006189e-04,1.036000000000000032e+00,6.320000000000000062e-01
5.122840000000000032e-04,1.036000000000000032e+00,6.640000000000000346e-01
5.282925000000011223e-04,1.036000000000000032e+00,6.480000000000000204e-01
5.443010000000005066e-04,1.044000000000000039e+00,6.320000000000000062e-01
5.603094999999998910e-04,1.044000000000000039e+00,6.480000000000000204e-01
5.763180000000010100e-04,1.044000000000000039e+00,6.480000000000000204e-01
5.923265000000003944e-04,1.052000000000000046e+00,6.560000000000000275e-01
6.083349999999997787e-04,1.052000000000000046e+00,6.480000000000000204e-01
6.243435000000008978e-04,1.060000000000000053e+00,6.480000000000000204e-01
6.403520000000002821e-04,1.060000000000000053e+00,6.480000000000000204e-01
6.563604999999996664e-04,1.060000000000000053e+00,6.480000000000000204e-01
6.723690000000007855e-04,1.060000000000000053e+00,6.720000000000000417e-01
6.883775000000001698e-04,1.060000000000000053e+00,6.480000000000000204e-01
7.043859999999995541e-04,1.068000000000000060e+00,6.400000000000000133e-01
7.203945000000006732e-04,1.068000000000000060e+00,6.640000000000000346e-01
7.364030000000000575e-04,1.076000000000000068e+00,6.560000000000000275e-01
7.524114999999994419e-04,1.076000000000000068e+00,6.640000000000000346e-01
7.684200000000005609e-04,1.076000000000000068e+00,6.640000000000000346e-01
7.844284999999999453e-04,1.076000000000000068e+00,6.480000000000000204e-01
8.004370000000010643e-04,1.084000000000000075e+00,6.480000000000000204e-01
8.164455000000004486e-04,1.084000000000000075e+00,6.560000000000000275e-01
8.324539999999998330e-04,1.084000000000000075e+00,6.480000000000000204e-01
8.484625000000009520e-04,1.084000000000000075e+00,6.560000000000000275e-01
8.644710000000003364e-04,1.092000000000000082e+00,6.720000000000000417e-01
8.804794999999997207e-04,1.092000000000000082e+00,6.640000000000000346e-01
8.964880000000008398e-04,1.092000000000000082e+00,6.720000000000000417e-01
9.124965000000002241e-04,1.100000000000000089e+00,6.480000000000000204e-01
9.285049999999996084e-04,1.092000000000000082e+00,6.640000000000000346e-01
9.445135000000007275e-04,1.100000000000000089e+00,6.480000000000000204e-01
9.605220000000001118e-04,1.108000000000000096e+00,6.640000000000000346e-01
9.765304999999994962e-04,1.100000000000000089e+00,6.720000000000000417e-01
9.925390000000006152e-04,1.108000000000000096e+00,6.640000000000000346e-01
1.008547500000000000e-03,1.108000000000000096e+00,6.720000000000000417e-01
1.024556000000001119e-03,1.108000000000000096e+00,6.560000000000000275e-01
1.040564500000000503e-03,1.116000000000000103e+00,6.800000000000000488e-01
1.056572999999999887e-03,1.116000000000000103e+00,6.640000000000000346e-01
1.072581500000001006e-03,1.116000000000000103e+00,6.640000000000000346e-01
1.088590000000000391e-03,1.116000000000000103e+00,6.560000000000000275e-01
1.104598499999999775e-03,1.124000000000000110e+00,6.400000000000000133e-01
1.120607000000000894e-03,1.132000000000000117e+00,6.640000000000000346e-01
1.136615500000000278e-03,1.124000000000000110e+00,6.720000000000000417e-01
1.152623999999999663e-03,1.132000000000000117e+00,6.720000000000000417e-01
1.168632500000000782e-03,1.124000000000000110e+00,6.560000000000000275e-01
1.184641000000000166e-03,1.132000000000000117e+00,6.720000000000000417e-01
1.200649499999999550e-03,1.132000000000000117e+00,6.560000000000000275e-01
1.216658000000000669e-03,1.140000000000000124e+00,6.800000000000000488e-01
1.232666500000000054e-03,1.140000000000000124e+00,6.720000000000000417e-01
1.248675000000001173e-03,1.140000000000000124e+00,6.480000000000000204e-01
1.264683500000000557e-03,1.140000000000000124e+00,6.640000000000000346e-01
1.280691999999999942e-03,1.148000000000000131e+00,6.480000000000000204e-01
1.296700500000001061e-03,1.148000000000000131e+00,6.720000000000000417e-01
1.312709000000000445e-03,1.148000000000000131e+00,6.640000000000000346e-01
1.328717499999999829e-03,1.155999999999999917e+00,6.480000000000000204e-01
1.344726000000000948e-03,1.163999999999999924e+00,6.640000000000000346e-01
1.360734500000000333e-03,1.155999999999999917e+00,6.720000000000000417e-01
1.376742999999999717e-03,1.155999999999999917e+00,6.720000000000000417e-01
1.392751500000000836e-03,1.163999999999999924e+00,6.640000000000000346e-01
1.408760000000000220e-03,1.163999999999999924e+00,6.480000000000000204e-01
1.424768499999999605e-03,1.163999999999999924e+00,6.640000000000000346e-01
1.440777000000000724e-03,1.171999999999999931e+00,6.720000000000000417e-01
1.456785500000000108e-03,1.163999999999999924e+00,6.720000000000000417e-01
1.472793999999999492e-03,1.171999999999999931e+00,6.560000000000000275e-01
1.488802500000000612e-03,1.179999999999999938e+00,6.640000000000000346e-01
1.504810999999999996e-03,1.179999999999999938e+00,6.640000000000000346e-01
1.520819500000001115e-03,1.179999999999999938e+00,6.720000000000000417e-01
1.536828000000000499e-03,1.179999999999999938e+00,6.960000000000000631e-01
1.552836499999999884e-03,1.187999999999999945e+00,6.560000000000000275e-01
1.568845000000001003e-03,1.187999999999999945e+00,6.880000000000000560e-01
1.584853500000000387e-03,1.187999999999999945e+00,6.640000000000000346e-01
1.600861999999999771e-03,1.187999999999999945e+00,6.720000000000000417e-01
1.616870500000000890e-03,1.187999999999999945e+00,6.720000000000000417e-01
1.632879000000000275e-03,1.195999999999999952e+00,6.720000000000000417e-01
1.648887499999999659e-03,1.195999999999999952e+00,6.880000000000000560e-01
1.664896000000000778e-03,1.195999999999999952e+00,6.640000000000000346e-01
1.680904500000000162e-03,1.203999999999999959e+00,6.720000000000000417e-01
1.696912999999999547e-03,1.203999999999999959e+00,6.800000000000000488e-01
1.712921500000000666e-03,1.211999999999999966e+00,6.720000000000000417e-01
1.728930000000000050e-03,1.211999999999999966e+00,6.800000000000000488e-01
1.744938500000001169e-03,1.211999999999999966e+00,6.480000000000000204e-01
1.760947000000000554e-03,1.211999999999999966e+00,6.720000000000000417e-01
1.776955499999999938e-03,1.211999999999999966e+00,6.640000000000000346e-01
1.792964000000001057e-03,1.211999999999999966e+00,6.640000000000000346e-01
1.808972500000000441e-03,1.227999999999999980e+00,6.720000000000000417e-01
1.824980999999999826e-03,1.219999999999999973e+00,6.720000000000000417e-01
1.840989500000000945e-03,1.227999999999999980e+00,6.640000000000000346e-01
1.856998000000000329e-03,1.227999999999999980e+00,6.560000000000000275e-01
1.873006499999999713e-03,1.227999999999999980e+00,6.800000000000000488e-01
1.889015000000000832e-03,1.227999999999999980e+00,6.640000000000000346e-01
1.905023500000000217e-03,1.227999999999999980e+00,6.640000000000000346e-01
1.921031999999999601e-03,1.235999999999999988e+00,6.880000000000000560e-01
1.937040500000000720e-03,1.235999999999999988e+00,6.720000000000000417e-01
1.953049000000000104e-03,1.235999999999999988e+00,6.800000000000000488e-01
1.969057500000001223e-03,1.243999999999999995e+00,6.800000000000000488e-01
1.985066000000000608e-03,1.243999999999999995e+00,6.800000000000000488e-01
2.001074499999999992e-03,1.243999999999999995e+00,6.800000000000000488e-01
2.017083000000001111e-03,1.243999999999999995e+00,6.720000000000000417e-01
2.033091500000000496e-03,1.252000000000000002e+00,6.720000000000000417e-01
2.049099999999999880e-03,1.252000000000000002e+00,6.800000000000000488e-01
2.065108500000000999e-03,1.252000000000000002e+00,6.640000000000000346e-01
2.081117000000000383e-03,1.252000000000000002e+00,6.560000000000000275e-01
2.097125499999999768e-03,1.260000000000000009e+00,6.720000000000000417e-01
2.113134000000000887e-03,1.260000000000000009e+00,6.800000000000000488e-01
2.129142500000000271e-03,1.260000000000000009e+00,6.640000000000000346e-01
2.145150999999999655e-03,1.268000000000000016e+00,6.480000000000000204e-01
2.161159500000000774e-03,1.268000000000000016e+00,6.640000000000000346e-01
2.177168000000000159e-03,1.268000000000000016e+00,6.560000000000000275e-01
2.193176499999999543e-03,1.268000000000000016e+00,6.720000000000000417e-01
2.209185000000000662e-03,1.268000000000000016e+00,6.720000000000000417e-01
2.225193500000000046e-03,1.276000000000000023e+00,6.560000000000000275e-01
2.241202000000001165e-03,1.276000000000000023e+00,6.720000000000000417e-01
2.257210500000000550e-03,1.276000000000000023e+00,6.560000000000000275e-01
2.273218999999999934e-03,1.292000000000000037e+00,6.800000000000000488e-01
2.289227500000001053e-03,1.284000000000000030e+00,6.800000000000000488e-01
2.305236000000000438e-03,1.284000000000000030e+00,6.640000000000000346e-01
2.321244499999999822e-03,1.292000000000000037e+00,6.800000000000000488e-01
2.337253000000000941e-03,1.292000000000000037e+00,6.800000000000000488e-01
2.353261500000000325e-03,1.300000000000000044e+00,6.640000000000000346e-01
2.369269999999999710e-03,1.292000000000000037e+00,6.880000000000000560e-01
2.385278500000000829e-03,1.300000000000000044e+00,6.720000000000000417e-01
2.401287000000000213e-03,1.300000000000000044e+00,6.720000000000000417e-01
2.417295499999999597e-03,1.300000000000000044e+00,6.640000000000000346e-01
2.433304000000000716e-03,1.300000000000000044e+00,6.960000000000000631e-01
2.449312500000000101e-03,1.308000000000000052e+00,7.039999999999999591e-01
2.465321000000001220e-03,1.316000000000000059e+00,6.720000000000000417e-01
2.481329500000000604e-03,1.316000000000000059e+00,6.800000000000000488e-01
2.497337999999999988e-03,1.308000000000000052e+00,6.720000000000000417e-01
2.513346500000001107e-03,1.316000000000000059e+00,6.800000000000000488e-01
2.529355000000000492e-03,1.324000000000000066e+00,6.720000000000000417e-01
2.545363499999999876e-03,1.316000000000000059e+00,6.880000000000000560e-01
2.561372000000000995e-03,1.324000000000000066e+00,6.800000000000000488e-01
2.577380500000000380e-03,1.324000000000000066e+00,6.720000000000000417e-01
2.593388999999999764e-03,1.324000000000000066e+00,6.720000000000000417e-01
2.609397500000000883e-03,1.332000000000000073e+00,6.640000000000000346e-01
2.625406000000000267e-03,1.332000000000000073e+00,6.880000000000000560e-01
2.641414499999999652e-03,1.340000000000000080e+00,6.880000000000000560e-01
2.657423000000000771e-03,1.340000000000000080e+00,6.640000000000000346e-01
2.673431500000000155e-03,1.340000000000000080e+00,6.880000000000000560e-01
2.689440000000001274e-03,1.340000000000000080e+00,6.880000000000000560e-01
2.705448500000000658e-03,1.340000000000000080e+00,6.640000000000000346e-01
2.721457000000000043e-03,1.340000000000000080e+00,6.880000000000000560e-01
2.737465500000001162e-03,1.348000000000000087e+00,6.800000000000000488e-01
2.753474000000000546e-03,1.348000000000000087e+00,6.800000000000000488e-01
2.769482499999999930e-03,1.348000000000000087e+00,6.720000000000000417e-01
2.785491000000001049e-03,1.356000000000000094e+00,6.800000000000000488e-01
2.801499500000000434e-03,1.356000000000000094e+00,6.800000000000000488e-01
2.817507999999999818e-03,1.356000000000000094e+00,6.800000000000000488e-01
2.833516500000000937e-03,1.356000000000000094e+00,6.880000000000000560e-01
2.849525000000000322e-03,1.364000000000000101e+00,6.800000000000000488e-01
2.865533499999999706e-03,1.364000000000000101e+00,6.880000000000000560e-01
2.881542000000000825e-03,1.364000000000000101e+00,6.720000000000000417e-01
2.897550500000000209e-03,1.372000000000000108e+00,6.720000000000000417e-01
2.913558999999999594e-03,1.372000000000000108e+00,6.640000000000000346e-01
2.929567500000000713e-03,1.372000000000000108e+00,6.720000000000000417e-01
2.945576000000000097e-03,1.380000000000000115e+00,6.640000000000000346e-01
2.961584500000001216e-03,1.380000000000000115e+00,7.039999999999999591e-01
2.977593000000000600e-03,1.380000000000000115e+00,6.880000000000000560e-01
2.993601499999999985e-03,1.380000000000000115e+00,6.880000000000000560e-01
3.009610000000001104e-03,1.388000000000000123e+00,6.960000000000000631e-01
3.025618500000000488e-03,1.380000000000000115e+00,6.720000000000000417e-01
3.041626999999999872e-03,1.388000000000000123e+00,6.880000000000000560e-01
3.057635500000000991e-03,1.388000000000000123e+00,6.720000000000000417e-01
3.073644000000000376e-03,1.388000000000000123e+00,6.720000000000000417e-01
3.089652499999999760e-03,1.396000000000000130e+00,6.640000000000000346e-01
3.105661000000000879e-03,1.396000000000000130e+00,6.720000000000000417e-01
3.121669500000000264e-03,1.404000000000000137e+00,6.800000000000000488e-01
3.137677999999999648e-03,1.404000000000000137e+00,6.800000000000000488e-01
3.153686500000000767e-03,1.404000000000000137e+00,6.880000000000000560e-01
3.169695000000000151e-03,1.404000000000000137e+00,6.800000000000000488e-01
3.185703500000001270e-03,1.411999999999999922e+00,6.880000000000000560e-01
3.201712000000000655e-03,1.411999999999999922e+00,6.880000000000000560e-01
3.217720500000000039e-03,1.411999999999999922e+00,6.880000000000000560e-01
3.233729000000001158e-03,1.419999999999999929e+00,6.800000000000000488e-01
3.249737500000000542e-03,1.419999999999999929e+00,6.800000000000000488e-01
3.265745999999999927e-03,1.419999999999999929e+00,6.800000000000000488e-01
3.281754500000001046e-03,1.419999999999999929e+00,6.800000000000000488e-01
3.297763000000000430e-03,1.419999999999999929e+00,6.960000000000000631e-01
3.313771499999999814e-03,1.427999999999999936e+00,6.720000000000000417e-01
3.329780000000000934e-03,1.427999999999999936e+00,6.880000000000000560e-01
3.345788500000000318e-03,1.435999999999999943e+00,6.960000000000000631e-01
3.361796999999999702e-03,1.427999999999999936e+00,6.880000000000000560e-01
3.377805500000000821e-03,1.435999999999999943e+00,6.880000000000000560e-01
3.393814000000000206e-03,1.435999999999999943e+00,6.800000000000000488e-01
3.409822499999999590e-03,1.435999999999999943e+00,6.800000000000000488e-01
3.425831000000000709e-03,1.443999999999999950e+00,6.800000000000000488e-01
3.441839500000000093e-03,1.443999999999999950e+00,6.800000000000000488e-01
3.457848000000001212e-03,1.443999999999999950e+00,6.800000000000000488e-01
3.473856500000000597e-03,1.443999999999999950e+00,6.720000000000000417e-01
3.489864999999999981e-03,1.443999999999999950e+00,7.119999999999999662e-01
3.505873500000001100e-03,1.451999999999999957e+00,7.119999999999999662e-01
3.521882000000000484e-03,1.459999999999999964e+00,6.880000000000000560e-01
3.537890499999999869e-03,1.459999999999999964e+00,6.800000000000000488e-01
3.553899000000000988e-03,1.459999999999999964e+00,6.800000000000000488e-01
3.569907500000000372e-03,1.459999999999999964e+00,6.800000000000000488e-01
3.585915999999999756e-03,1.459999999999999964e+00,6.880000000000000560e-01
3.601924500000000876e-03,1.467999999999999972e+00,6.800000000000000488e-01
3.617933000000000260e-03,1.467999999999999972e+00,6.880000000000000560e-01
3.633941499999999644e-03,1.467999999999999972e+00,7.119999999999999662e-01
3.649950000000000763e-03,1.467999999999999972e+00,6.800000000000000488e-01
3.665958500000000148e-03,1.475999999999999979e+00,6.800000000000000488e-01
3.681967000000001267e-03,1.483999999999999986e+00,6.880000000000000560e-01
3.697975500000000651e-03,1.483999999999999986e+00,7.039999999999999591e-01
3.713984000000000035e-03,1.483999999999999986e+00,6.800000000000000488e-01
3.729992500000001154e-03,1.483999999999999986e+00,6.800000000000000488e-01
3.746001000000000539e-03,1.483999999999999986e+00,7.039999999999999591e-01
3.762009499999999923e-03,1.491999999999999993e+00,6.800000000000000488e-01
3.778018000000001042e-03,1.491999999999999993e+00,6.800000000000000488e-01
3.794026500000000426e-03,1.491999999999999993e+00,7.039999999999999591e-01
3.810034999999999811e-03,1.491999999999999993e+00,6.720000000000000417e-01
3.826043500000000930e-03,1.500000000000000000e+00,6.880000000000000560e-01
3.842052000000000314e-03,1.500000000000000000e+00,6.960000000000000631e-01
3.858060499999999698e-03,1.500000000000000000e+00,6.800000000000000488e-01
3.874069000000000818e-03,1.500000000000000000e+00,7.039999999999999591e-01
3.890077500000000202e-03,1.500000000000000000e+00,6.720000000000000417e-01
3.906086000000001321e-03,1.508000000000000007e+00,6.880000000000000560e-01
3.922094500000000705e-03,1.508000000000000007e+00,6.960000000000000631e-01
3.938103000000000090e-03,1.516000000000000014e+00,6.960000000000000631e-01
3.954111500000001209e-03,1.516000000000000014e+00,7.039999999999999591e-01
3.970120000000000593e-03,1.516000000000000014e+00,6.880000000000000560e-01
3.986128499999999977e-03,1.524000000000000021e+00,6.880000000000000560e-01
4.002137000000001096e-03,1.524000000000000021e+00,6.800000000000000488e-01
4.018145500000000481e-03,1.524000000000000021e+00,6.960000000000000631e-01
4.034153999999999865e-03,1.524000000000000021e+00,6.960000000000000631e-01
4.050162500000000984e-03,1.524000000000000021e+00,6.880000000000000560e-01
4.066171000000000368e-03,1.532000000000000028e+00,6.880000000000000560e-01
4.082179499999999753e-03,1.532000000000000028e+00,6.960000000000000631e-01
4.098188000000000872e-03,1.532000000000000028e+00,6.880000000000000560e-01
4.114196500000000256e-03,1.540000000000000036e+00,6.960000000000000631e-01
4.130204999999999640e-03,1.532000000000000028e+00,6.800000000000000488e-01
4.146213500000000760e-03,1.540000000000000036e+00,6.880000000000000560e-01
4.162222000000000144e-03,1.540000000000000036e+00,6.800000000000000488e-01
4.178230500000001263e-03,1.548000000000000043e+00,6.880000000000000560e-01
4.194239000000000647e-03,1.548000000000000043e+00,7.039999999999999591e-01
4.210247500000000032e-03,1.548000000000000043e+00,6.800000000000000488e-01
4.226256000000001151e-03,1.556000000000000050e+00,6.960000000000000631e-01
4.242264500000000535e-03,1.556000000000000050e+00,6.720000000000000417e-01
4.258272999999999919e-03,1.548000000000000043e+00,6.880000000000000560e-01
4.274281500000001038e-03,1.564000000000000057e+00,6.880000000000000560e-01
4.290290000000000423e-03,1.564000000000000057e+00,6.720000000000000417e-01
4.306298499999999807e-03,1.564000000000000057e+00,6.960000000000000631e-01
4.322307000000000926e-03,1.564000000000000057e+00,6.880000000000000560e-01
4.338315500000000310e-03,1.572000000000000064e+00,6.960000000000000631e-01
4.354323999999999695e-03,2.040000000000000147e-01,6.159999999999999920e-01
4.370332500000000814e-03,1.200000000000000025e-02,0.000000000000000000e+00
4.386341000000000198e-03,1.200000000000000025e-02,1.600000000000000033e-02
4.402349500000001317e-03,1.200000000000000025e-02,0.000000000000000000e+00
4.418358000000000702e-03,2.000000000000000042e-02,2.400000000000000050e-02
4.434366500000000086e-03,1.200000000000000025e-02,2.400000000000000050e-02
4.450375000000001205e-03,2.800000000000000058e-02,2.400000000000000050e-02
4.466383500000000589e-03,2.800000000000000058e-02,3.200000000000000067e-02
4.482391999999999974e-03,2.800000000000000058e-02,3.200000000000000067e-02
4.498400500000001093e-03,3.600000000000000422e-02,4.000000000000000083e-02
4.514409000000000477e-03,3.600000000000000422e-02,4.800000000000000100e-02
4.530417499999999861e-03,3.600000000000000422e-02,3.200000000000000067e-02
4.546426000000000980e-03,4.399999999999999745e-02,4.000000000000000083e-02
4.562434500000000365e-03,4.399999999999999745e-02,4.800000000000000100e-02
4.578442999999999749e-03,4.399999999999999745e-02,4.800000000000000100e-02
4.594451500000000868e-03,5.200000000000000455e-02,5.600000000000000117e-02
4.610460000000000252e-03,5.200000000000000455e-02,6.400000000000000133e-02
4.626468500000001371e-03,5.999999999999999778e-02,6.400000000000000133e-02
4.642477000000000756e-03,6.800000000000000488e-02,6.400000000000000133e-02
4.658485500000000140e-03,6.800000000000000488e-02,6.400000000000000133e-02
4.674494000000001259e-03,6.800000000000000488e-02,7.200000000000000844e-02
4.690502500000000644e-03,5.999999999999999778e-02,6.400000000000000133e-02
4.706511000000000028e-03,6.800000000000000488e-02,7.200000000000000844e-02
4.722519500000001147e-03,7.599999999999999811e-02,8.000000000000000167e-02
4.738528000000000531e-03,8.400000000000000522e-02,8.799999999999999489e-02
4.754536499999999916e-03,8.400000000000000522e-02,8.799999999999999489e-02
4.770545000000001035e-03,8.400000000000000522e-02,8.799999999999999489e-02
4.786553500000000419e-03,9.199999999999999845e-02,8.799999999999999489e-02
4.802561999999999803e-03,9.199999999999999845e-02,8.799999999999999489e-02
4.818570500000000922e-03,9.199999999999999845e-02,1.040000000000000091e-01
4.834579000000000307e-03,1.000000000000000056e-01,1.120000000000000023e-01
4.850587499999999691e-03,1.079999999999999988e-01,9.600000000000000200e-02
4.866596000000000810e-03,1.079999999999999988e-01,1.120000000000000023e-01
4.882604500000000194e-03,1.079999999999999988e-01,1.040000000000000091e-01
4.898613000000001313e-03,1.160000000000000059e-01,1.040000000000000091e-01
4.914621500000000698e-03,1.160000000000000059e-01,1.199999999999999956e-01
4.930630000000000082e-03,1.160000000000000059e-01,1.280000000000000027e-01
4.946638500000001201e-03,1.239999999999999991e-01,1.199999999999999956e-01
4.962647000000000586e-03,1.239999999999999991e-01,1.280000000000000027e-01
4.978655499999999970e-03,1.320000000000000062e-01,1.360000000000000098e-01
4.994664000000001089e-03,1.320000000000000062e-01,1.280000000000000027e-01
5.010672500000000473e-03,1.320000000000000062e-01,1.440000000000000169e-01
5.026680999999999858e-03,1.320000000000000062e-01,1.440000000000000169e-01
5.042689500000000977e-03,1.400000000000000133e-01,1.440000000000000169e-01
5.058698000000000361e-03,1.479999999999999927e-01,1.600000000000000033e-01
5.074706499999999745e-03,1.400000000000000133e-01,1.519999999999999962e-01
5.090715000000000864e-03,1.479999999999999927e-01,1.600000000000000033e-01
5.106723500000000249e-03,1.559999999999999998e-01,1.600000000000000033e-01
5.122732000000001368e-03,1.559999999999999998e-01,1.519999999999999962e-01
5.138740500000000752e-03,1.640000000000000069e-01,1.600000000000000033e-01
5.154749000000000136e-03,1.640000000000000069e-01,1.600000000000000033e-01
5.170757500000001256e-03,1.640000000000000069e-01,1.680000000000000104e-01
5.186766000000000640e-03,1.720000000000000140e-01,1.759999999999999898e-01
5.202774500000000024e-03,1.720000000000000140e-01,1.839999999999999969e-01
5.218783000000001143e-03,1.799999999999999933e-01,1.759999999999999898e-01
5.234791500000000528e-03,1.799999999999999933e-01,1.839999999999999969e-01
5.250799999999999912e-03,1.799999999999999933e-01,1.759999999999999898e-01
5.266808500000001031e-03,1.880000000000000004e-01,1.920000000000000040e-01
5.282817000000000415e-03,1.880000000000000004e-01,2.000000000000000111e-01
5.298825499999999800e-03,1.880000000000000004e-01,1.920000000000000040e-01
5.314834000000000919e-03,1.960000000000000075e-01,1.920000000000000040e-01
5.330842500000000303e-03,1.960000000000000075e-01,2.080000000000000182e-01
5.346851000000001422e-03,2.040000000000000147e-01,2.000000000000000111e-01
5.362859500000000806e-03,2.040000000000000147e-01,2.240000000000000047e-01
5.378868000000000191e-03,2.119999999999999940e-01,2.000000000000000111e-01
5.394876500000001310e-03,2.119999999999999940e-01,2.159999999999999976e-01
5.410885000000000694e-03,2.119999999999999940e-01,2.080000000000000182e-01
5.426893500000000078e-03,2.200000000000000011e-01,2.080000000000000182e-01
5.442902000000001198e-03,2.200000000000000011e-01,2.399999999999999911e-01
5.458910500000000582e-03,2.200000000000000011e-01,2.080000000000000182e-01
5.474918999999999966e-03,2.280000000000000082e-01,2.320000000000000118e-01
5.490927500000001085e-03,2.280000000000000082e-01,2.240000000000000047e-01
5.506936000000000470e-03,2.360000000000000153e-01,2.399999999999999911e-01
5.522944499999999854e-03,2.360000000000000153e-01,2.320000000000000118e-01
5.538953000000000973e-03,2.360000000000000153e-01,2.479999999999999982e-01
5.554961500000000357e-03,2.439999999999999947e-01,2.399999999999999911e-01
5.570969999999999742e-03,2.439999999999999947e-01,2.479999999999999982e-01
5.586978500000000861e-03,2.520000000000000018e-01,2.560000000000000053e-01
5.602987000000000245e-03,2.520000000000000018e-01,2.479999999999999982e-01
5.618995500000001364e-03,2.520000000000000018e-01,2.560000000000000053e-01
5.635004000000000748e-03,2.600000000000000089e-01,2.560000000000000053e-01
5.651012500000000133e-03,2.600000000000000089e-01,2.560000000000000053e-01
5.667021000000001252e-03,2.680000000000000160e-01,2.720000000000000195e-01
5.683029500000000636e-03,2.680000000000000160e-01,2.640000000000000124e-01
5.699038000000000020e-03,2.680000000000000160e-01,2.800000000000000266e-01
5.715046500000001140e-03,2.760000000000000231e-01,2.720000000000000195e-01
5.731055000000000524e-03,2.760000000000000231e-01,2.880000000000000338e-01
5.747063499999999908e-03,2.840000000000000302e-01,2.880000000000000338e-01
5.763072000000001027e-03,2.840000000000000302e-01,2.880000000000000338e-01
5.779080500000000412e-03,2.840000000000000302e-01,2.880000000000000338e-01
5.795088999999999796e-03,2.919999999999999818e-01,2.800000000000000266e-01
5.811097500000000915e-03,2.919999999999999818e-01,2.959999999999999853e-01
5.827106000000000299e-03,2.999999999999999889e-01,3.119999999999999996e-01
5.843114500000001418e-03,2.999999999999999889e-01,3.039999999999999925e-01
5.859123000000000803e-03,2.999999999999999889e-01,3.119999999999999996e-01
5.875131500000000187e-03,3.079999999999999960e-01,3.039999999999999925e-01
5.891140000000001306e-03,3.079999999999999960e-01,3.119999999999999996e-01
5.907148500000000690e-03,3.160000000000000031e-01,3.039999999999999925e-01
5.923157000000000075e-03,3.160000000000000031e-01,3.119999999999999996e-01
5.939165500000001194e-03,3.160000000000000031e-01,3.119999999999999996e-01
5.955174000000000578e-03,3.240000000000000102e-01,3.200000000000000067e-01
5.971182499999999962e-03,3.240000000000000102e-01,3.360000000000000209e-01
5.987191000000001082e-03,3.320000000000000173e-01,3.200000000000000067e-01
6.003199500000000466e-03,3.320000000000000173e-01,3.360000000000000209e-01
6.019207999999999850e-03,3.400000000000000244e-01,3.360000000000000209e-01
6.035216500000000969e-03,3.400000000000000244e-01,3.440000000000000280e-01
6.051225000000000354e-03,3.480000000000000315e-01,3.440000000000000280e-01
6.067233500000001473e-03,3.480000000000000315e-01,3.519999999999999796e-01
6.083242000000000857e-03,3.480000000000000315e-01,3.599999999999999867e-01
6.099250500000000241e-03,3.559999999999999831e-01,3.440000000000000280e-01
6.115259000000001360e-03,3.559999999999999831e-01,3.679999999999999938e-01
6.131267500000000745e-03,3.559999999999999831e-01,3.440000000000000280e-01
6.147276000000000129e-03,3.559999999999999831e-01,3.519999999999999796e-01
6.163284500000001248e-03,3.639999999999999902e-01,3.599999999999999867e-01
6.179293000000000632e-03,3.719999999999999973e-01,3.599999999999999867e-01
6.195301500000000017e-03,3.719999999999999973e-01,3.840000000000000080e-01
6.211310000000001136e-03,3.719999999999999973e-01,3.760000000000000009e-01
6.227318500000000520e-03,3.800000000000000044e-01,3.760000000000000009e-01
6.243326999999999904e-03,3.800000000000000044e-01,3.760000000000000009e-01
6.259335500000001024e-03,3.800000000000000044e-01,3.840000000000000080e-01
6.275344000000000408e-03,3.880000000000000115e-01,3.760000000000000009e-01
6.291352499999999792e-03,3.880000000000000115e-01,3.920000000000000151e-01
6.307361000000000911e-03,3.960000000000000187e-01,3.920000000000000151e-01
6.323369500000000296e-03,3.960000000000000187e-01,3.920000000000000151e-01
6.339378000000001415e-03,3.960000000000000187e-01,3.920000000000000151e-01
6.355386500000000799e-03,4.040000000000000258e-01,3.920000000000000151e-01
6.371395000000000183e-03,4.040000000000000258e-01,4.160000000000000364e-01
6.387403500000001302e-03,4.120000000000000329e-01,4.080000000000000293e-01
6.403412000000000687e-03,4.120000000000000329e-01,4.000000000000000222e-01
6.419420500000000071e-03,4.120000000000000329e-01,4.080000000000000293e-01
6.435429000000001190e-03,4.199999999999999845e-01,4.160000000000000364e-01
6.451437500000000574e-03,4.199999999999999845e-01,4.160000000000000364e-01
6.467445999999999959e-03,4.359999999999999987e-01,4.239999999999999880e-01
6.483454500000001078e-03,4.279999999999999916e-01,4.319999999999999951e-01
6.499463000000000462e-03,4.359999999999999987e-01,4.319999999999999951e-01
6.515471499999999846e-03,4.359999999999999987e-01,4.319999999999999951e-01
6.531480000000000966e-03,4.359999999999999987e-01,4.239999999999999880e-01
6.547488500000000350e-03,4.440000000000000058e-01,4.319999999999999951e-01
6.563497000000001469e-03,4.359999999999999987e-01,4.319999999999999951e-01
6.579505500000000853e-03,4.440000000000000058e-01,4.319999999999999951e-01
6.595514000000000238e-03,4.520000000000000129e-01,4.480000000000000093e-01
6.611522500000001357e-03,4.520000000000000129e-01,4.480000000000000093e-01
6.627531000000000741e-03,4.520000000000000129e-01,4.319999999999999951e-01
6.643539500000000125e-03,4.600000000000000200e-01,4.480000000000000093e-01
6.659548000000001244e-03,4.600000000000000200e-01,4.480000000000000093e-01
6.675556500000000629e-03,4.680000000000000271e-01,4.560000000000000164e-01
6.691565000000000013e-03,4.680000000000000271e-01,4.640000000000000235e-01
6.707573500000001132e-03,4.680000000000000271e-01,4.480000000000000093e-01
6.723582000000000516e-03,4.680000000000000271e-01,4.640000000000000235e-01
6.739590499999999901e-03,4.839999999999999858e-01,4.640000000000000235e-01
6.755599000000001020e-03,4.760000000000000342e-01,4.720000000000000306e-01
6.771607500000000404e-03,4.839999999999999858e-01,4.879999999999999893e-01
6.787615999999999788e-03,4.839999999999999858e-01,4.640000000000000235e-01
6.803624500000000908e-03,4.919999999999999929e-01,4.799999999999999822e-01
6.819633000000000292e-03,4.919999999999999929e-01,4.720000000000000306e-01
6.835641500000001411e-03,4.919999999999999929e-01,4.959999999999999964e-01
6.851650000000000795e-03,5.000000000000000000e-01,4.799999999999999822e-01
6.867658500000000180e-03,4.919999999999999929e-01,4.799999999999999822e-01
6.883667000000001299e-03,5.080000000000000071e-01,4.879999999999999893e-01
6.899675500000000683e-03,5.080000000000000071e-01,4.879999999999999893e-01
6.915684000000000067e-03,5.080000000000000071e-01,5.040000000000000036e-01
6.931692500000001186e-03,5.080000000000000071e-01,4.879999999999999893e-01
6.947701000000000571e-03,5.080000000000000071e-01,4.959999999999999964e-01
6.963709499999999955e-03,5.160000000000000142e-01,5.040000000000000036e-01
6.979718000000001074e-03,5.160000000000000142e-01,4.879999999999999893e-01
6.995726500000000458e-03,5.240000000000000213e-01,5.200000000000000178e-01
7.011734999999999843e-03,5.240000000000000213e-01,5.040000000000000036e-01
7.027743500000000962e-03,5.240000000000000213e-01,5.040000000000000036e-01
7.043752000000000346e-03,5.320000000000000284e-01,5.120000000000000107e-01
7.059760500000001465e-03,5.320000000000000284e-01,4.959999999999999964e-01
7.075769000000000850e-03,5.400000000000000355e-01,5.200000000000000178e-01
7.091777500000000234e-03,5.320000000000000284e-01,5.280000000000000249e-01
7.107786000000001353e-03,5.400000000000000355e-01,5.120000000000000107e-01
7.123794500000000737e-03,5.480000000000000426e-01,5.360000000000000320e-01
7.139803000000000122e-03,5.480000000000000426e-01,5.040000000000000036e-01
7.155811500000001241e-03,5.480000000000000426e-01,5.360000000000000320e-01
7.171820000000000625e-03,5.480000000000000426e-01,5.280000000000000249e-01
7.187828500000000009e-03,5.560000000000000497e-01,5.200000000000000178e-01
7.203837000000001128e-03,5.560000000000000497e-01,5.280000000000000249e-01
7.219845500000000513e-03,5.640000000000000568e-01,5.120000000000000107e-01
7.235853999999999897e-03,5.640000000000000568e-01,5.280000000000000249e-01
7.251862500000001016e-03,5.640000000000000568e-01,5.440000000000000391e-01
7.267871000000000400e-03,5.640000000000000568e-01,5.360000000000000320e-01
7.283879500000001520e-03,5.720000000000000639e-01,5.440000000000000391e-01
7.299888000000000904e-03,5.720000000000000639e-01,5.280000000000000249e-01
7.315896500000000288e-03,5.720000000000000639e-01,5.360000000000000320e-01
7.331905000000001407e-03,5.799999999999999600e-01,5.440000000000000391e-01
7.347913500000000792e-03,5.799999999999999600e-01,5.360000000000000320e-01
7.363922000000000176e-03,5.879999999999999671e-01,5.520000000000000462e-01
7.379930500000001295e-03,5.799999999999999600e-01,5.280000000000000249e-01
7.395939000000000679e-03,5.879999999999999671e-01,5.520000000000000462e-01
7.411947500000000064e-03,5.959999999999999742e-01,5.360000000000000320e-01
7.427956000000001183e-03,5.959999999999999742e-01,5.520000000000000462e-01
7.443964500000000567e-03,5.959999999999999742e-01,5.520000000000000462e-01
7.459972999999999951e-03,5.959999999999999742e-01,5.600000000000000533e-01
7.475981500000001070e-03,5.959999999999999742e-01,5.520000000000000462e-01
7.491990000000000455e-03,6.039999999999999813e-01,5.440000000000000391e-01
7.507998499999999839e-03,6.119999999999999885e-01,5.520000000000000462e-01
7.524007000000000958e-03,6.039999999999999813e-01,5.600000000000000533e-01
7.540015500000000342e-03,6.119999999999999885e-01,5.680000000000000604e-01
7.556024000000001462e-03,6.119999999999999885e-01,5.760000000000000675e-01
7.572032500000000846e-03,6.199999999999999956e-01,5.520000000000000462e-01
7.588041000000000230e-03,6.199999999999999956e-01,5.600000000000000533e-01
7.604049500000001349e-03,6.199999999999999956e-01,5.600000000000000533e-01
7.620058000000000734e-03,6.199999999999999956e-01,5.520000000000000462e-01
7.636066500000000118e-03,6.280000000000000027e-01,5.600000000000000533e-01
7.652075000000001237e-03,6.280000000000000027e-01,5.600000000000000533e-01
7.668083500000000621e-03,6.280000000000000027e-01,5.839999999999999636e-01
7.684092000000000006e-03,6.280000000000000027e-01,5.839999999999999636e-01
7.700100500000001125e-03,6.280000000000000027e-01,5.680000000000000604e-01
7.716109000000000509e-03,6.360000000000000098e-01,5.680000000000000604e-01
7.732117499999999893e-03,6.440000000000000169e-01,5.600000000000000533e-01
7.748126000000001012e-03,6.440000000000000169e-01,5.680000000000000604e-01
7.764134500000000397e-03,6.440000000000000169e-01,5.760000000000000675e-01
7.780143000000001516e-03,6.520000000000000240e-01,5.760000000000000675e-01
7.796151500000000900e-03,6.520000000000000240e-01,5.919999999999999707e-01
7.812160000000000284e-03,6.520000000000000240e-01,5.839999999999999636e-01
7.828168500000001404e-03,6.520000000000000240e-01,5.999999999999999778e-01
7.844177000000000788e-03,6.600000000000000311e-01,5.839999999999999636e-01
7.860185500000000172e-03,6.680000000000000382e-01,5.680000000000000604e-01
7.876194000000001291e-03,6.680000000000000382e-01,5.839999999999999636e-01
7.892202500000000676e-03,6.600000000000000311e-01,5.680000000000000604e-01
7.908211000000000060e-03,6.680000000000000382e-01,5.680000000000000604e-01
7.924219500000001179e-03,6.680000000000000382e-01,5.839999999999999636e-01
7.940228000000000563e-03,6.760000000000000453e-01,5.680000000000000604e-01
7.956236499999999948e-03,6.760000000000000453e-01,5.919999999999999707e-01
7.972245000000001067e-03,6.840000000000000524e-01,5.999999999999999778e-01
7.988253500000000451e-03,6.840000000000000524e-01,5.839999999999999636e-01
8.004262000000001570e-03,6.840000000000000524e-01,5.760000000000000675e-01
8.020270500000000954e-03,6.840000000000000524e-01,5.839999999999999636e-01
8.036279000000000339e-03,6.840000000000000524e-01,5.839999999999999636e-01
8.052287500000001458e-03,6.920000000000000595e-01,5.839999999999999636e-01
8.068296000000000842e-03,6.920000000000000595e-01,5.919999999999999707e-01
8.084304500000000226e-03,6.920000000000000595e-01,5.919999999999999707e-01
8.100313000000001346e-03,7.000000000000000666e-01,5.839999999999999636e-01
8.116321500000002465e-03,7.000000000000000666e-01,5.919999999999999707e-01
8.132330000000000114e-03,7.000000000000000666e-01,5.839999999999999636e-01
8.148338500000001233e-03,7.000000000000000666e-01,5.919999999999999707e-01
8.164347000000002352e-03,7.079999999999999627e-01,5.919999999999999707e-01
8.180355500000000002e-03,7.079999999999999627e-01,5.919999999999999707e-01
8.196364000000001121e-03,7.159999999999999698e-01,5.999999999999999778e-01
8.212372500000002240e-03,7.159999999999999698e-01,5.999999999999999778e-01
8.228380999999999890e-03,7.159999999999999698e-01,5.919999999999999707e-01
8.244389500000001009e-03,7.159999999999999698e-01,6.079999999999999849e-01
8.260398000000002128e-03,7.239999999999999769e-01,5.919999999999999707e-01
8.276406499999999777e-03,7.239999999999999769e-01,5.919999999999999707e-01
8.292415000000000896e-03,7.319999999999999840e-01,5.919999999999999707e-01
8.308423500000002015e-03,7.239999999999999769e-01,5.999999999999999778e-01
8.324431999999999665e-03,7.319999999999999840e-01,6.079999999999999849e-01
8.340440500000000784e-03,7.319999999999999840e-01,5.760000000000000675e-01
8.356449000000001903e-03,7.319999999999999840e-01,6.079999999999999849e-01
8.372457499999999553e-03,7.319999999999999840e-01,6.079999999999999849e-01
8.388466000000000672e-03,7.399999999999999911e-01,5.999999999999999778e-01
8.404474500000001791e-03,7.399999999999999911e-01,6.239999999999999991e-01
8.420482999999999441e-03,7.479999999999999982e-01,5.919999999999999707e-01
8.436491500000000560e-03,7.479999999999999982e-01,5.919999999999999707e-01
